0.0451674
0.0451674
0.0451674
0.0451674
0.0451674
0.0451674
0.0451674
0.0645249
0.0645249
0.0645249
0.0645249
0.0645249
0.0645249
0.0645249
0.0645249
0.0645249
0.0645249
0.15486
0.15486
0.15486
0.15486
0.15486
0.15486
0.15486
0.15486
0.15486
0.15486
0.15486
0.15486
0.15486
0.15486
0.15486
0.15486
0.15486
0.15486
0.15486
0.15486
0.15486
0.15486
0.15486
0.15486
0.193575
0.193575
0.193575
0.193575
0.193575
0.193575
0.193575
0.193575
0.193575
0.193575
0.193575
0.193575
0.193575
0.193575
0.193575
0.193575
0.193575
0.193575
0.193575
0.193575
0.193575
0.193575
0.193575
0.193575
0.193575
0.193575
0.193575
0.193575
0.193575
0.193575
0.141955
0.141955
0.141955
0.141955
0.141955
0.141955
0.141955
0.141955
0.141955
0.141955
0.141955
0.141955
0.141955
0.141955
0.141955
0.141955
0.141955
0.141955
0.141955
0.141955
0.141955
0.141955
0.0322624
0.0322624
0.0322624
0.0322624
0.0322624
0.012905
-1.45682e+144
