0.013529
0.0196286
0.0334219
0.0409386
0.0461034
0.049065
0.0575995
0.0760857
0.0878331
0.097514
0.109315
0.121381
0.123077
0.12645
0.130048
0.139834
0.143728
0.153608
0.16081
0.16617
0.166398
0.171535
0.172386
0.177206
0.179035
0.17997
0.180788
0.185232
0.188811
0.188857
0.191153
0.191417
0.19173
0.193688
0.194424
0.195203
0.195234
0.19586
0.197508
0.199336
0.199423
0.199441
0.199426
0.199347
0.19913
0.198468
0.197566
0.197431
0.19731
0.196683
0.196459
0.196284
0.195618
0.195076
0.194531
0.194347
0.194061
0.191749
0.191101
0.19089
0.189687
0.189439
0.187241
0.187015
0.182745
0.177847
0.17012
0.169822
0.166356
0.164629
0.149941
0.146452
0.145951
0.144426
0.143878
0.143329
0.142982
0.139639
0.134518
0.131519
0.131116
0.126462
0.125055
0.124555
0.124545
0.108582
0.106041
0.0940888
0.0934751
0.0892586
0.085208
0.0769946
0.0642728
0.046898
0.0423276
0.0344898
0.0210634
0.0188601
0.00397016
0.00161116
