-1.63969
-1.30691
-0.780432
-0.559321
-0.423195
-0.349655
-0.152339
0.223227
0.43839
0.607221
0.806495
1.00653
1.03458
1.09039
1.1501
1.31426
1.38075
1.55427
1.68715
1.79117
1.79571
1.90135
1.9195
2.02694
2.0701
2.09279
2.113
2.23028
2.33715
2.3386
2.41624
2.42578
2.43727
2.51485
2.54719
2.584
2.58555
2.61769
2.71874
2.92648
2.95587
3.03455
3.04236
3.07063
3.11705
3.20084
3.27705
3.28676
3.29523
3.33559
3.34889
3.35897
3.39504
3.42218
3.44792
3.4563
3.46903
3.562
3.58561
3.59309
3.63433
3.64252
3.71147
3.71822
3.83702
3.95811
4.12842
4.13461
4.20512
4.23928
4.5111
4.57218
4.58088
4.60723
4.61666
4.62611
4.63206
4.68904
4.77533
4.82542
4.83212
4.90941
4.9327
4.94097
4.94114
5.20574
5.24828
5.45182
5.46248
5.53635
5.60856
5.75961
6.01003
6.40317
6.52163
6.74701
7.24088
7.34384
8.59776
9.20884
