0.00159594
0.00162148
0.00164743
0.00167379
0.00170058
0.00172779
0.00175544
0.00178353
0.00181207
0.00184107
0.00187053
0.00190046
0.00193087
0.00196177
0.00199317
0.00202506
0.00205747
0.00209039
0.00212384
0.00215783
0.00219236
0.00222744
0.00226309
0.0022993
0.0023361
0.00237348
0.00241146
0.00245005
0.00248926
0.00252909
0.00256956
0.00261068
0.00265246
0.0026949
0.00273803
0.00278184
0.00282636
0.00287159
0.00291754
0.00296423
0.00301166
0.00305986
0.00310882
0.00315857
0.00320912
0.00326047
0.00331264
0.00336565
0.00341951
0.00347423
0.00352983
0.00358631
0.0036437
0.00370201
0.00376125
0.00382144
0.00388259
0.00394473
0.00400785
0.00407199
0.00413715
0.00420335
0.00427062
0.00433896
0.00440839
0.00447893
0.00455061
0.00462343
0.00469741
0.00477258
0.00484896
0.00492655
0.00500539
0.00508549
0.00516687
0.00524955
0.00533355
0.0054189
0.00550562
0.00559372
0.00568323
0.00577418
0.00586658
0.00596046
0.00605584
0.00615275
0.00625121
0.00635124
0.00645288
0.00655614
0.00666105
0.00676764
0.00687594
0.00698597
0.00709777
0.00721135
0.00732675
0.00744399
0.00756311
0.00768414
0.00780711
0.00793204
0.00805897
0.00818793
0.00831896
0.00845208
0.00858734
0.00872475
0.00886437
0.00900622
0.00915034
0.00929677
0.00944554
0.00959669
0.00975026
0.00990629
0.0100648
0.0102259
0.0103895
0.0105558
0.0107247
0.0108963
0.0110707
0.0112478
0.0114278
0.0116107
0.0117965
0.0119853
0.0121771
0.0123719
0.0125699
0.0127711
0.0129754
0.0131831
0.013394
0.0136084
0.0138261
0.0140474
0.0142722
0.0145006
0.0147326
0.0149684
0.0152079
0.0154512
0.0156985
0.0159497
0.0162049
0.0164643
0.0167277
0.0169954
0.0172674
0.0175437
0.0178244
0.0181097
0.0183995
0.0186939
0.0189931
0.019297
0.0196058
0.0199195
0.0202383
0.0205622
0.0208912
0.0212255
0.0215652
0.0219103
0.0222609
0.0226171
0.022979
0.0233467
0.0237204
0.0240999
0.0244856
0.0248774
0.0252755
0.02568
0.0260909
0.0265084
0.0269326
0.0273636
0.0278015
0.0282464
0.0286984
0.0291577
0.0296242
0.0300983
0.03058
0.0310693
0.0315665
0.0320716
0.0325848
0.0331063
0.0336361
0.0341743
0.0347212
0.0352768
0.0358413
0.0364149
0.0369976
0.0375896
0.0381912
0.0388023
0.0394233
0.0400541
0.0406951
0.0413463
0.0420079
0.0426802
0.0433631
0.0440571
0.0447621
0.0454784
0.0462061
0.0469456
0.0476968
0.0484601
0.0492355
0.0500234
0.0508239
0.0516372
0.0524635
0.0533031
0.0541552
0.0550175
0.0558901
0.0567729
0.0576661
0.0585696
0.0594835
0.0604079
0.0613428
0.0622882
0.0632442
0.0642108
0.0651881
0.0661761
0.0671748
0.0681843
0.0692047
0.0702358
0.0712779
0.0723308
0.0733947
0.0744695
0.0755553
0.0766522
0.07776
0.0788789
0.0800088
0.0811498
0.0823019
0.0834651
0.0846394
0.0858248
0.0870213
0.088229
0.0894477
0.0906776
0.0919187
0.0931708
0.094434
0.0957083
0.0969938
0.0982902
0.0995978
0.100916
0.102246
0.103587
0.104938
0.106301
0.107674
0.109058
0.110453
0.111859
0.113276
0.114703
0.116141
0.11759
0.119049
0.120519
0.121999
0.12349
0.12499
0.126502
0.128023
0.129555
0.131096
0.132648
0.134209
0.135781
0.137362
0.138952
0.140553
0.142162
0.143781
0.14541
0.147047
0.148694
0.15035
0.152014
0.153687
0.155369
0.15706
0.158758
0.160465
0.16218
0.163904
0.165635
0.167373
0.16912
0.170873
0.172634
0.174403
0.176178
0.17796
0.179749
0.181544
0.183346
0.185154
0.186968
0.188788
0.190614
0.192445
0.194281
0.196123
0.197969
0.199821
0.201677
0.203537
0.205402
0.207271
0.209143
0.211019
0.212899
0.214781
0.216667
0.218556
0.220447
0.22234
0.224236
0.226133
0.228032
0.229933
0.231835
0.233738
0.235641
0.237546
0.23945
0.241355
0.243259
0.245163
0.247066
0.248969
0.25087
0.25277
0.254668
0.256564
0.258458
0.26035
0.262239
0.264125
0.266007
0.267887
0.269762
0.271634
0.273501
0.275364
0.277222
0.279075
0.280923
0.282765
0.284602
0.286432
0.288256
0.290073
0.291883
0.293686
0.295481
0.297269
0.299049
0.30082
0.302583
0.304337
0.306082
0.307818
0.309543
0.311259
0.312965
0.31466
0.316345
0.318018
0.31968
0.321331
0.322969
0.324596
0.32621
0.327812
0.329401
0.330976
0.332539
0.334087
0.335622
0.337142
0.338648
0.340139
0.341616
0.343077
0.344522
0.345952
0.347366
0.348764
0.350145
0.35151
0.352857
0.354188
0.355501
0.356797
0.358074
0.359334
0.360575
0.361798
0.363002
0.364188
0.365354
0.3665
0.367627
0.368735
0.369822
0.370889
0.371936
0.372963
0.373968
0.374953
0.375916
0.376859
0.377779
0.378679
0.379556
0.380412
0.381245
0.382056
0.382845
0.383611
0.384355
0.385076
0.385773
0.386448
0.3871
0.387728
0.388332
0.388914
0.389471
0.390005
0.390515
0.391
0.391462
0.3919
0.392313
0.392702
0.393067
0.393407
0.393723
0.394014
0.394281
0.394523
0.39474
0.394932
0.3951
0.395242
0.39536
0.395453
0.395521
0.395565
0.395583
0.395576
0.395545
0.395488
0.395407
0.3953
0.395169
0.395013
0.394832
0.394627
0.394396
0.394141
0.393861
0.393557
0.393228
0.392875
0.392497
0.392095
0.391669
0.391218
0.390743
0.390245
0.389722
0.389176
0.388606
0.388012
0.387395
0.386754
0.38609
0.385403
0.384693
0.38396
0.383204
0.382426
0.381625
0.380802
0.379957
0.379089
0.3782
0.37729
0.376357
0.375404
0.374429
0.373433
0.372416
0.371379
0.370321
0.369243
0.368145
0.367027
0.365889
0.364732
0.363556
0.362361
0.361146
0.359914
0.358663
0.357393
0.356106
0.354801
0.353478
0.352139
0.350782
0.349408
0.348018
0.346612
0.345189
0.343751
0.342297
0.340828
0.339343
0.337844
0.336331
0.334803
0.333261
0.331705
0.330135
0.328553
0.326957
0.325348
0.323727
0.322094
0.320449
0.318792
0.317124
0.315445
0.313755
0.312054
0.310343
0.308621
0.30689
0.30515
0.3034
0.301641
0.299874
0.298098
0.296314
0.294522
0.292722
0.290916
0.289102
0.287281
0.285454
0.28362
0.281781
0.279935
0.278085
0.276229
0.274368
0.272503
0.270633
0.268759
0.266882
0.265001
0.263116
0.261228
0.259338
0.257445
0.25555
0.253653
0.251753
0.249853
0.247951
0.246048
0.244145
0.24224
0.240336
0.238431
0.236527
0.234623
0.23272
0.230817
0.228916
0.227016
0.225118
0.223221
0.221327
0.219435
0.217545
0.215658
0.213774
0.211893
0.210015
0.208141
0.20627
0.204404
0.202541
0.200683
0.19883
0.196981
0.195137
0.193298
0.191464
0.189636
0.187814
0.185997
0.184186
0.182381
0.180583
0.178791
0.177006
0.175227
0.173456
0.171692
0.169934
0.168184
0.166442
0.164708
0.162981
0.161262
0.159551
0.157849
0.156154
0.154468
0.152791
0.151123
0.149463
0.147812
0.14617
0.144538
0.142914
0.1413
0.139695
0.1381
0.136515
0.134939
0.133373
0.131817
0.13027
0.128734
0.127208
0.125692
0.124186
0.122691
0.121206
0.119731
0.118267
0.116814
0.115371
0.113938
0.112517
0.111106
0.109706
0.108316
0.106938
0.10557
0.104214
0.102868
0.101533
0.10021
0.098897
0.0975953
0.0963048
0.0950253
0.0937569
0.0924996
0.0912534
0.0900183
0.0887944
0.0875816
0.0863799
0.0851893
0.0840098
0.0828415
0.0816842
0.0805381
0.079403
0.078279
0.077166
0.0760641
0.0749731
0.0738932
0.0728242
0.0717662
0.0707191
0.0696829
0.0686575
0.067643
0.0666392
0.0656462
0.064664
0.0636924
0.0627315
0.0617811
0.0608414
0.0599121
0.0589933
0.058085
0.057187
0.0562994
0.0554221
0.0545549
0.053698
0.0528523
0.0520199
0.0512005
0.0503941
0.0496004
0.0488192
0.0480503
0.0472934
0.0465486
0.0458154
0.0450938
0.0443835
0.0436845
0.0429964
0.0423192
0.0416527
0.0409966
0.0403509
0.0397154
0.0390899
0.0384742
0.0378682
0.0372718
0.0366847
0.0361069
0.0355382
0.0349785
0.0344276
0.0338853
0.0333516
0.0328263
0.0323093
0.0318004
0.0312995
0.0308066
0.0303213
0.0298438
0.0293737
0.0289111
0.0284557
0.0280075
0.0275664
0.0271322
0.0267049
0.0262843
0.0258703
0.0254628
0.0250618
0.024667
0.0242785
0.0238961
0.0235198
0.0231493
0.0227847
0.0224258
0.0220726
0.021725
0.0213828
0.021046
0.0207145
0.0203883
0.0200671
0.0197511
0.01944
0.0191338
0.0188324
0.0185358
0.0182439
0.0179565
0.0176737
0.0173953
0.0171214
0.0168517
0.0165863
0.016325
0.0160679
0.0158148
0.0155657
0.0153206
0.0150793
0.0148418
0.014608
0.0143779
0.0141515
0.0139286
0.0137092
0.0134933
0.0132808
0.0130716
0.0128657
0.0126631
0.0124636
0.0122673
0.0120741
0.0118839
0.0116967
0.0115125
0.0113312
0.0111527
0.0109771
0.0108042
0.010634
0.0104665
0.0103017
0.0101394
0.0099797
0.00982252
0.00966781
0.00951554
0.00936566
0.00921815
0.00907296
0.00893006
0.00878941
0.00865097
0.00851472
0.00838061
0.00824861
0.00811869
0.00799082
0.00786496
0.00774109
0.00761916
0.00749916
0.00738104
0.00726479
0.00715037
0.00703774
0.0069269
0.0068178
0.00671041
0.00660472
0.0065007
0.00639831
0.00629753
0.00619834
0.00610072
0.00600463
0.00591005
0.00581697
0.00572535
0.00563517
0.00554642
0.00545906
0.00537308
0.00528845
0.00520515
0.00512317
0.00504248
0.00496306
0.00488489
0.00480795
0.00473222
0.00465769
0.00458433
0.00451212
0.00444106
0.00437111
0.00430226
0.0042345
0.00416781
0.00410216
0.00403755
0.00397396
0.00391137
0.00384976
0.00378913
0.00372945
0.00367071
0.00361289
0.00355599
0.00349998
0.00344485
0.0033906
0.00333719
0.00328463
0.0032329
0.00318198
0.00313186
0.00308253
0.00303398
0.00298619
0.00293916
0.00289287
0.0028473
0.00280246
0.00275832
0.00271487
0.00267211
0.00263003
0.0025886
0.00254783
0.0025077
0.00246821
0.00242933
0.00239107
0.00235341
0.00231634
0.00227986
0.00224395
0.00220861
0.00217382
0.00213958
0.00210588
0.00207271
0.00204007
0.00200794
0.00197631
0.00194518
0.00191455
0.00188439
0.00185471
0.0018255
0.00179675
0.00176845
0.00174059
0.00171318
0.0016862
0.00165964
0.0016335
0.00160777
0.00158245
0.00155752
0.00153299
0.00150885
0.00148508
0.00146169
0.00143867
0.00141601
0.00139371
0.00137175
0.00135015
0.00132888
0.00130795
0.00128735
0.00126708
0.00124712
0.00122748
0.00120814
0.00118912
0.00117039
0.00115195
0.00113381
0.00111595
0.00109837
0.00108107
0.00106405
0.00104729
0.00103079
0.00101456
0.000998578
0.00098285
0.00096737
0.000952133
0.000937137
0.000922376
0.000907849
0.00089355
0.000879476
0.000865624
0.00085199
0.000838571
0.000825363
0.000812363
0.000799568
0.000786975
0.00077458
0.00076238
0.000750372
0.000738554
0.000726921
0.000715472
0.000704203
0.000693112
