-4.99927
-4.99878
-4.9974
-4.99564
-4.99518
-4.99506
-4.99495
-4.9939
-4.99214
-4.99032
-4.99005
-4.98982
-4.98942
-4.98849
-4.98749
-4.9854
-4.98438
-4.98428
-4.98344
-4.98253
-4.9825
-4.98224
-4.98088
-4.97894
-4.97803
-4.97745
-4.97571
-4.97567
-4.97535
-4.97466
-4.9745
-4.97431
-4.97106
-4.97106
-4.97036
-4.97017
-4.96779
-4.9655
-4.9647
-4.963
-4.96295
-4.96198
-4.9617
-4.96146
-4.96057
-4.9603
-4.95941
-4.95687
-4.95682
-4.95656
-4.95623
-4.95555
-4.95445
-4.95348
-4.95286
-4.95186
-4.95063
-4.95062
-4.95029
-4.9501
-4.95009
-4.9499
-4.94925
-4.94846
-4.94813
-4.94521
-4.94381
-4.94117
-4.94044
-4.93951
-4.93844
-4.93767
-4.93696
-4.93651
-4.93411
-4.9339
-4.93387
-4.93165
-4.92989
-4.92811
-4.92808
-4.92715
-4.92667
-4.92611
-4.92578
-4.92025
-4.91977
-4.91968
-4.91801
-4.91596
-4.9156
-4.91375
-4.91328
-4.91254
-4.91175
-4.91103
-4.911
-4.91062
-4.90848
-4.90841
-4.90795
-4.90743
-4.90594
-4.90536
-4.90394
-4.90279
-4.90267
-4.90218
-4.90199
-4.90174
-4.90092
-4.89962
-4.89943
-4.89777
-4.89772
-4.8953
-4.89444
-4.89216
-4.89127
-4.88957
-4.88668
-4.88518
-4.88314
-4.88309
-4.88238
-4.88173
-4.88161
-4.8815
-4.88107
-4.88015
-4.87941
-4.87941
-4.87883
-4.87745
-4.87723
-4.87711
-4.87557
-4.87517
-4.87392
-4.87233
-4.87043
-4.87031
-4.87005
-4.86715
-4.86428
-4.86312
-4.86229
-4.85914
-4.85905
-4.85754
-4.85528
-4.85287
-4.85171
-4.85139
-4.84898
-4.84819
-4.84701
-4.84659
-4.84579
-4.84405
-4.84209
-4.84153
-4.84133
-4.84124
-4.84016
-4.83953
-4.83796
-4.83708
-4.83386
-4.83311
-4.833
-4.83265
-4.83246
-4.82949
-4.82833
-4.82795
-4.8271
-4.82568
-4.82326
-4.82309
-4.82191
-4.82148
-4.81918
-4.81835
-4.81798
-4.81479
-4.81462
-4.81436
-4.81193
-4.80968
-4.80954
-4.80911
-4.80839
-4.80807
-4.80723
-4.80676
-4.8066
-4.80643
-4.80588
-4.80577
-4.80516
-4.80501
-4.80201
-4.80152
-4.80027
-4.79933
-4.7993
-4.79816
-4.79781
-4.79518
-4.79514
-4.79462
-4.79429
-4.79424
-4.79381
-4.79342
-4.79307
-4.79284
-4.79009
-4.78837
-4.78724
-4.78556
-4.78421
-4.78354
-4.78238
-4.78228
-4.78092
-4.77898
-4.7787
-4.77527
-4.77482
-4.77468
-4.77461
-4.7723
-4.77194
-4.77091
-4.7708
-4.77041
-4.76973
-4.76907
-4.76891
-4.76658
-4.76604
-4.7655
-4.76445
-4.76261
-4.76159
-4.76118
-4.76105
-4.76073
-4.75771
-4.75674
-4.75571
-4.75264
-4.7524
-4.75148
-4.75102
-4.75085
-4.74763
-4.74499
-4.74434
-4.74333
-4.74104
-4.73807
-4.73739
-4.73732
-4.73635
-4.73603
-4.73586
-4.73539
-4.73358
-4.73256
-4.73203
-4.73119
-4.73076
-4.73073
-4.72979
-4.72939
-4.72798
-4.72768
-4.72704
-4.72658
-4.72528
-4.72476
-4.7237
-4.72361
-4.72257
-4.72184
-4.72153
-4.71915
-4.71888
-4.71866
-4.71792
-4.71431
-4.71395
-4.71343
-4.71216
-4.7117
-4.71044
-4.70953
-4.70859
-4.70648
-4.70446
-4.7038
-4.70255
-4.70207
-4.70026
-4.69979
-4.69971
-4.69915
-4.69672
-4.69563
-4.69526
-4.69521
-4.69288
-4.69273
-4.69269
-4.69202
-4.69149
-4.69057
-4.69029
-4.68742
-4.68697
-4.68614
-4.68425
-4.68398
-4.68296
-4.68124
-4.6808
-4.67884
-4.67836
-4.67821
-4.67799
-4.67525
-4.67515
-4.67468
-4.67387
-4.67336
-4.67172
-4.67059
-4.66924
-4.66887
-4.66865
-4.66837
-4.66769
-4.66601
-4.66291
-4.66188
-4.66151
-4.65909
-4.65781
-4.65658
-4.65631
-4.65268
-4.65162
-4.65028
-4.64866
-4.64745
-4.64623
-4.64551
-4.64277
-4.64035
-4.63922
-4.63796
-4.63778
-4.63774
-4.63761
-4.63696
-4.63666
-4.63632
-4.6355
-4.6343
-4.63399
-4.63246
-4.63189
-4.63121
-4.63102
-4.63003
-4.62691
-4.62634
-4.62522
-4.6235
-4.62257
-4.62226
-4.62079
-4.61907
-4.61832
-4.61634
-4.61613
-4.61395
-4.61269
-4.61264
-4.61091
-4.60814
-4.60577
-4.60565
-4.60539
-4.60356
-4.6029
-4.60246
-4.60161
-4.59831
-4.59702
-4.59516
-4.59397
-4.59381
-4.59309
-4.59266
-4.59164
-4.59043
-4.58981
-4.58737
-4.58545
-4.58521
-4.58388
-4.58136
-4.57932
-4.57886
-4.57663
-4.57455
-4.57069
-4.56964
-4.56922
-4.56865
-4.56738
-4.5669
-4.56653
-4.56638
-4.56602
-4.56562
-4.56363
-4.56228
-4.5602
-4.56001
-4.5582
-4.55774
-4.55754
-4.55657
-4.5549
-4.55449
-4.5537
-4.55159
-4.55125
-4.55119
-4.54927
-4.54883
-4.54843
-4.54821
-4.54693
-4.54665
-4.54617
-4.5453
-4.54377
-4.54318
-4.53931
-4.53902
-4.53755
-4.53746
-4.53665
-4.53651
-4.53619
-4.53565
-4.53556
-4.5338
-4.53325
-4.53298
-4.53264
-4.53231
-4.5284
-4.52821
-4.52803
-4.5267
-4.52545
-4.52382
-4.52357
-4.52148
-4.52079
-4.51954
-4.51811
-4.51766
-4.51473
-4.51384
-4.51261
-4.51196
-4.50938
-4.50729
-4.50713
-4.50644
-4.50525
-4.50359
-4.50248
-4.50152
-4.50141
-4.49985
-4.49706
-4.49622
-4.49569
-4.49505
-4.49461
-4.49459
-4.49267
-4.49051
-4.48996
-4.48897
-4.48875
-4.48798
-4.4879
-4.48741
-4.48649
-4.48642
-4.48623
-4.48579
-4.48489
-4.48224
-4.48053
-4.4803
-4.48025
-4.48024
-4.48023
-4.47931
-4.47844
-4.47681
-4.47585
-4.47235
-4.47171
-4.47161
-4.47147
-4.47098
-4.46861
-4.46839
-4.46798
-4.46626
-4.46405
-4.46153
-4.46127
-4.46115
-4.45983
-4.45876
-4.45381
-4.45311
-4.45282
-4.45176
-4.45132
-4.45127
-4.44975
-4.44829
-4.44829
-4.44814
-4.44569
-4.44466
-4.4444
-4.44187
-4.43999
-4.43952
-4.43853
-4.43819
-4.43296
-4.43167
-4.42567
-4.42562
-4.4256
-4.42441
-4.42432
-4.42353
-4.42212
-4.42194
-4.42184
-4.42119
-4.42015
-4.42007
-4.41954
-4.4193
-4.41912
-4.41865
-4.4183
-4.41743
-4.41739
-4.4172
-4.41606
-4.41544
-4.41512
-4.41478
-4.41435
-4.4142
-4.41381
-4.41358
-4.40961
-4.40948
-4.40927
-4.40855
-4.4084
-4.40647
-4.40388
-4.40353
-4.40342
-4.40233
-4.4013
-4.4005
-4.40018
-4.3985
-4.39791
-4.39501
-4.39337
-4.39156
-4.39076
-4.39003
-4.38971
-4.38555
-4.38438
-4.384
-4.38264
-4.3826
-4.38154
-4.38084
-4.38025
-4.3802
-4.37898
-4.37761
-4.37675
-4.37535
-4.37468
-4.37411
-4.37343
-4.37247
-4.37121
-4.37079
-4.37067
-4.37037
-4.36931
-4.36908
-4.36902
-4.36716
-4.36482
-4.36381
-4.36281
-4.36238
-4.36194
-4.36079
-4.36009
-4.3596
-4.3586
-4.35732
-4.35684
-4.35482
-4.35132
-4.35027
-4.34987
-4.3495
-4.34744
-4.34723
-4.34718
-4.34686
-4.34474
-4.34447
-4.34399
-4.34087
-4.34061
-4.33974
-4.33954
-4.33787
-4.33672
-4.33379
-4.33204
-4.33124
-4.33059
-4.32994
-4.32956
-4.32891
-4.32878
-4.32872
-4.32774
-4.32753
-4.32607
-4.32481
-4.32374
-4.32363
-4.32308
-4.32277
-4.32206
-4.32143
-4.3192
-4.31788
-4.31716
-4.31698
-4.31566
-4.31535
-4.31489
-4.31357
-4.31058
-4.30935
-4.30599
-4.30537
-4.3041
-4.30301
-4.30167
-4.30122
-4.30107
-4.30081
-4.29908
-4.2948
-4.29386
-4.29361
-4.29212
-4.29087
-4.29075
-4.289
-4.28825
-4.28709
-4.28668
-4.28609
-4.2855
-4.28489
-4.2842
-4.27886
-4.27856
-4.27804
-4.27755
-4.27727
-4.27528
-4.27521
-4.27476
-4.27474
-4.27409
-4.27034
-4.26976
-4.26916
-4.2683
-4.26765
-4.26677
-4.26663
-4.2665
-4.26057
-4.26004
-4.2571
-4.25623
-4.25291
-4.25223
-4.25122
-4.24953
-4.24799
-4.24698
-4.24691
-4.24569
-4.24549
-4.24354
-4.24352
-4.2423
-4.23852
-4.23634
-4.23377
-4.22617
-4.22414
-4.22393
-4.22325
-4.222
-4.22104
-4.22045
-4.22045
-4.22025
-4.22002
-4.21695
-4.21492
-4.2146
-4.21364
-4.20826
-4.20677
-4.2057
-4.20419
-4.20333
-4.20204
-4.2014
-4.2014
-4.20087
-4.19985
-4.19882
-4.19745
-4.19178
-4.19112
-4.19096
-4.18851
-4.18798
-4.18728
-4.18699
-4.18653
-4.18604
-4.18579
-4.18565
-4.18502
-4.18441
-4.18416
-4.18391
-4.18365
-4.18088
-4.18022
-4.17855
-4.17699
-4.17673
-4.17611
-4.17589
-4.17512
-4.17427
-4.17412
-4.17411
-4.17286
-4.17039
-4.17016
-4.17015
-4.16871
-4.16776
-4.16665
-4.16568
-4.16364
-4.16286
-4.16275
-4.16257
-4.16013
-4.15929
-4.15815
-4.15687
-4.15439
-4.15352
-4.15184
-4.15103
-4.15051
-4.15016
-4.1492
-4.14754
-4.14623
-4.14444
-4.14406
-4.1426
-4.14237
-4.14228
-4.1414
-4.14122
-4.13966
-4.13857
-4.13841
-4.13772
-4.13655
-4.1361
-4.13396
-4.13317
-4.13289
-4.13167
-4.1315
-4.13061
-4.12892
-4.12743
-4.12627
-4.12582
-4.12401
-4.12296
-4.12182
-4.12136
-4.11994
-4.11963
-4.11922
-4.11743
-4.11694
-4.11479
-4.11471
-4.11306
-4.11263
-4.11255
-4.11196
-4.11177
-4.11041
-4.11021
-4.10935
-4.10853
-4.10791
-4.1067
-4.10653
-4.105
-4.10425
-4.10223
-4.10197
-4.10196
-4.10057
-4.09957
-4.09734
-4.09725
-4.09686
-4.09643
-4.09618
-4.09531
-4.09455
-4.09308
-4.09032
-4.0902
-4.08963
-4.08928
-4.08714
-4.08681
-4.08636
-4.08586
-4.08498
-4.08377
-4.083
-4.08273
-4.07923
-4.07841
-4.07828
-4.07616
-4.07531
-4.07419
-4.07384
-4.0723
-4.07103
-4.07006
-4.06985
-4.06943
-4.06851
-4.06752
-4.06737
-4.06629
-4.06551
-4.06529
-4.06518
-4.06288
-4.06181
-4.06104
-4.06052
-4.06047
-4.05912
-4.05875
-4.0587
-4.05799
-4.05784
-4.05733
-4.05707
-4.05638
-4.05518
-4.0549
-4.05431
-4.05379
-4.0516
-4.0515
-4.0501
-4.04889
-4.04826
-4.04634
-4.04466
-4.04464
-4.04264
-4.04251
-4.04199
-4.04175
-4.04137
-4.0411
-4.03986
-4.03758
-4.03715
-4.03521
-4.03437
-4.033
-4.03278
-4.03226
-4.0308
-4.03027
-4.03001
-4.02395
-4.02285
-4.02207
-4.01941
-4.01689
-4.01666
-4.01629
-4.0158
-4.01234
-4.01112
-4.01105
-4.01098
-4.01054
-4.00958
-4.00899
-4.00689
-4.00679
-4.00642
-4.00623
-4.00145
-4.00098
-3.99818
-3.99702
-3.99616
-3.99567
-3.99553
-3.99406
-3.99338
-3.99305
-3.9926
-3.99252
-3.99236
-3.99181
-3.99136
-3.99083
-3.99061
-3.99008
-3.98911
-3.98771
-3.9858
-3.9848
-3.98472
-3.98471
-3.98317
-3.98316
-3.9824
-3.98196
-3.98187
-3.98036
-3.97927
-3.97819
-3.97743
-3.97648
-3.97529
-3.97403
-3.97378
-3.97354
-3.97039
-3.9699
-3.96978
-3.96905
-3.96782
-3.9669
-3.96646
-3.96601
-3.9644
-3.96009
-3.95992
-3.95691
-3.9551
-3.95437
-3.95328
-3.95272
-3.95192
-3.95191
-3.95169
-3.95119
-3.95053
-3.94965
-3.94907
-3.94894
-3.94887
-3.94868
-3.9463
-3.94461
-3.94385
-3.94327
-3.94293
-3.9409
-3.94073
-3.94033
-3.93997
-3.9373
-3.9361
-3.93342
-3.92992
-3.92982
-3.92929
-3.9289
-3.92814
-3.9266
-3.92489
-3.92481
-3.92396
-3.92317
-3.92243
-3.92145
-3.9201
-3.91962
-3.9174
-3.91739
-3.91616
-3.91611
-3.91501
-3.91437
-3.91399
-3.91339
-3.9124
-3.91226
-3.91197
-3.91103
-3.91085
-3.91075
-3.9098
-3.90781
-3.90777
-3.90776
-3.90508
-3.90434
-3.90351
-3.899
-3.89851
-3.89707
-3.89692
-3.89628
-3.89545
-3.89203
-3.89195
-3.89137
-3.8902
-3.88997
-3.88926
-3.88906
-3.88813
-3.88784
-3.88717
-3.88443
-3.88409
-3.88363
-3.88348
-3.88317
-3.88294
-3.8819
-3.88105
-3.87955
-3.87939
-3.87701
-3.87564
-3.87556
-3.87519
-3.87382
-3.87288
-3.87244
-3.87123
-3.87059
-3.8687
-3.86856
-3.86825
-3.868
-3.86782
-3.86766
-3.86737
-3.86585
-3.86533
-3.86366
-3.86364
-3.86174
-3.86046
-3.85975
-3.85782
-3.85483
-3.85294
-3.85183
-3.85118
-3.85054
-3.85043
-3.85032
-3.8496
-3.848
-3.8473
-3.84611
-3.84539
-3.84458
-3.84409
-3.84329
-3.84225
-3.84216
-3.84204
-3.84171
-3.84157
-3.84113
-3.83898
-3.83896
-3.83847
-3.83766
-3.83672
-3.83386
-3.83323
-3.83
-3.82957
-3.82658
-3.82332
-3.82257
-3.82171
-3.81999
-3.81949
-3.81935
-3.81925
-3.81707
-3.81494
-3.81448
-3.80975
-3.80912
-3.80886
-3.8084
-3.80769
-3.80707
-3.80572
-3.80483
-3.80311
-3.80163
-3.80071
-3.79948
-3.79885
-3.79751
-3.79534
-3.79234
-3.79141
-3.7902
-3.79009
-3.78852
-3.78777
-3.78732
-3.78672
-3.78564
-3.78533
-3.78428
-3.78207
-3.77999
-3.77942
-3.7782
-3.77749
-3.7771
-3.77513
-3.77505
-3.77452
-3.77416
-3.7739
-3.77354
-3.7729
-3.77223
-3.77083
-3.76621
-3.76561
-3.76547
-3.76432
-3.76346
-3.76307
-3.76065
-3.75999
-3.75933
-3.75791
-3.75778
-3.75494
-3.75464
-3.75392
-3.75214
-3.75172
-3.75156
-3.74972
-3.74913
-3.74746
-3.74734
-3.74675
-3.74275
-3.74242
-3.74211
-3.742
-3.74009
-3.73917
-3.7386
-3.73809
-3.73671
-3.73653
-3.73544
-3.73393
-3.73344
-3.73248
-3.73195
-3.73096
-3.73073
-3.73017
-3.73001
-3.72755
-3.72698
-3.72671
-3.72588
-3.72564
-3.72553
-3.72548
-3.72193
-3.72173
-3.72139
-3.72016
-3.71874
-3.71817
-3.71726
-3.71661
-3.71632
-3.71489
-3.71468
-3.71313
-3.71223
-3.70938
-3.70833
-3.70356
-3.70349
-3.70251
-3.70087
-3.70068
-3.70016
-3.70012
-3.69921
-3.69913
-3.69897
-3.69888
-3.69657
-3.69553
-3.69058
-3.68974
-3.68863
-3.68842
-3.68838
-3.68795
-3.68792
-3.68777
-3.68367
-3.68267
-3.67866
-3.67806
-3.67778
-3.67771
-3.67745
-3.67724
-3.67664
-3.67614
-3.67575
-3.67548
-3.67452
-3.6745
-3.6706
-3.66969
-3.66878
-3.66774
-3.66755
-3.66525
-3.66472
-3.66471
-3.66088
-3.65674
-3.65657
-3.65626
-3.65586
-3.65511
-3.65436
-3.65412
-3.65287
-3.65055
-3.65035
-3.65013
-3.64873
-3.64787
-3.64611
-3.64482
-3.6439
-3.64334
-3.64334
-3.64151
-3.64066
-3.64062
-3.64037
-3.64036
-3.64026
-3.63875
-3.63701
-3.63697
-3.63507
-3.63387
-3.63358
-3.63321
-3.63299
-3.63089
-3.63086
-3.63006
-3.62994
-3.6299
-3.62985
-3.62797
-3.62766
-3.62653
-3.62602
-3.62593
-3.62585
-3.62563
-3.62484
-3.62457
-3.6245
-3.62195
-3.62086
-3.62056
-3.62003
-3.61502
-3.61432
-3.61397
-3.6136
-3.61336
-3.61301
-3.61218
-3.60764
-3.607
-3.607
-3.60288
-3.60074
-3.60005
-3.59989
-3.5987
-3.5986
-3.59505
-3.5937
-3.59335
-3.59309
-3.59274
-3.59204
-3.59192
-3.59155
-3.58983
-3.5883
-3.58722
-3.58695
-3.58645
-3.58616
-3.58583
-3.58471
-3.58421
-3.58406
-3.58344
-3.58331
-3.58166
-3.5794
-3.57875
-3.57841
-3.57838
-3.57753
-3.57583
-3.57542
-3.57505
-3.5747
-3.57445
-3.57321
-3.57279
-3.57251
-3.57067
-3.56988
-3.56865
-3.56827
-3.56811
-3.56742
-3.56692
-3.56623
-3.5647
-3.56422
-3.5632
-3.56271
-3.56204
-3.56203
-3.56117
-3.56011
-3.5597
-3.55945
-3.55798
-3.55795
-3.5561
-3.55448
-3.55398
-3.55373
-3.55297
-3.54862
-3.54805
-3.54784
-3.54421
-3.54404
-3.54303
-3.54276
-3.54022
-3.5402
-3.5382
-3.53646
-3.53447
-3.53407
-3.53208
-3.53052
-3.53016
-3.53
-3.52883
-3.52595
-3.52448
-3.52306
-3.52182
-3.52137
-3.52081
-3.52024
-3.51923
-3.51887
-3.51871
-3.51836
-3.51834
-3.51727
-3.51691
-3.51508
-3.51461
-3.51286
-3.51278
-3.5124
-3.51195
-3.51061
-3.51029
-3.50991
-3.50966
-3.50867
-3.50837
-3.50711
-3.50651
-3.50515
-3.50461
-3.50404
-3.50306
-3.50121
-3.5008
-3.49978
-3.49753
-3.49679
-3.49584
-3.4957
-3.49453
-3.49378
-3.49341
-3.4914
-3.48975
-3.48839
-3.48834
-3.4867
-3.48648
-3.48614
-3.48602
-3.48511
-3.48421
-3.4839
-3.48345
-3.48326
-3.48124
-3.48069
-3.47929
-3.47711
-3.47668
-3.47523
-3.47446
-3.47396
-3.47395
-3.47393
-3.47292
-3.47251
-3.47032
-3.47025
-3.46966
-3.46959
-3.46848
-3.46841
-3.46763
-3.46726
-3.4671
-3.46493
-3.46316
-3.46143
-3.46042
-3.45991
-3.45901
-3.45601
-3.45559
-3.4534
-3.45275
-3.45195
-3.45107
-3.45043
-3.44826
-3.44649
-3.44642
-3.44361
-3.44182
-3.44111
-3.43969
-3.4395
-3.43947
-3.43875
-3.43873
-3.43853
-3.43721
-3.43615
-3.4353
-3.43504
-3.4348
-3.43475
-3.43438
-3.4335
-3.43338
-3.42987
-3.42611
-3.42494
-3.42468
-3.42257
-3.42199
-3.42142
-3.41681
-3.41602
-3.41574
-3.41569
-3.41549
-3.41508
-3.41423
-3.41075
-3.41062
-3.40998
-3.40986
-3.40866
-3.4084
-3.40832
-3.40787
-3.4072
-3.40675
-3.40624
-3.40621
-3.40615
-3.40358
-3.40349
-3.40329
-3.40308
-3.40302
-3.40144
-3.40032
-3.40021
-3.39982
-3.39982
-3.39948
-3.39938
-3.39874
-3.39861
-3.39825
-3.39483
-3.39436
-3.39244
-3.3911
-3.39105
-3.39008
-3.39
-3.38929
-3.38867
-3.38807
-3.38707
-3.38473
-3.38462
-3.38431
-3.38258
-3.38245
-3.38082
-3.37863
-3.37852
-3.37846
-3.37746
-3.3754
-3.3737
-3.37256
-3.3714
-3.37092
-3.37062
-3.37015
-3.36964
-3.36927
-3.36707
-3.36601
-3.36504
-3.36007
-3.35898
-3.35734
-3.35729
-3.3562
-3.35544
-3.3541
-3.35403
-3.3535
-3.35316
-3.35312
-3.35305
-3.35262
-3.35225
-3.35123
-3.34933
-3.34868
-3.34587
-3.34236
-3.34092
-3.34042
-3.33996
-3.33956
-3.33922
-3.33734
-3.33726
-3.33724
-3.3341
-3.3338
-3.33379
-3.33258
-3.33247
-3.33061
-3.32989
-3.32935
-3.32849
-3.32714
-3.32646
-3.32639
-3.32636
-3.32596
-3.32486
-3.32362
-3.32359
-3.32313
-3.32306
-3.32178
-3.32149
-3.32018
-3.32011
-3.31908
-3.31874
-3.31708
-3.31616
-3.31588
-3.31535
-3.31516
-3.30759
-3.30723
-3.30521
-3.30451
-3.30333
-3.30212
-3.29851
-3.29801
-3.2965
-3.29596
-3.29239
-3.29217
-3.29196
-3.29186
-3.29129
-3.28768
-3.28744
-3.28726
-3.2857
-3.28555
-3.28539
-3.28521
-3.28232
-3.28194
-3.28164
-3.2816
-3.2808
-3.27924
-3.27905
-3.27758
-3.27679
-3.27567
-3.27555
-3.27472
-3.27454
-3.27421
-3.27342
-3.27265
-3.27231
-3.27178
-3.27076
-3.26947
-3.26887
-3.26779
-3.2676
-3.26611
-3.26575
-3.26248
-3.26246
-3.26026
-3.25967
-3.25862
-3.2586
-3.25729
-3.25727
-3.25523
-3.25517
-3.25481
-3.2546
-3.25254
-3.25236
-3.25185
-3.25176
-3.25119
-3.25067
-3.25032
-3.24981
-3.24949
-3.24511
-3.24486
-3.24035
-3.24027
-3.23949
-3.23503
-3.23418
-3.2327
-3.23203
-3.23099
-3.23066
-3.23023
-3.22926
-3.2278
-3.22763
-3.22681
-3.22641
-3.22633
-3.22364
-3.22095
-3.21926
-3.21672
-3.21644
-3.21541
-3.21519
-3.21491
-3.21426
-3.21385
-3.21243
-3.21083
-3.21005
-3.20731
-3.20705
-3.20689
-3.20676
-3.20675
-3.20625
-3.2026
-3.20245
-3.20129
-3.20019
-3.19682
-3.19443
-3.19244
-3.19192
-3.19051
-3.18989
-3.18769
-3.18742
-3.18656
-3.18592
-3.18422
-3.18406
-3.1816
-3.18098
-3.17915
-3.17799
-3.17763
-3.1764
-3.17595
-3.17481
-3.17339
-3.17333
-3.17225
-3.17125
-3.17105
-3.17074
-3.16848
-3.1655
-3.16507
-3.16443
-3.16093
-3.15933
-3.15728
-3.15702
-3.15628
-3.15621
-3.15445
-3.15373
-3.15119
-3.15059
-3.14796
-3.14659
-3.14642
-3.14604
-3.1458
-3.14198
-3.14026
-3.1398
-3.13955
-3.13903
-3.137
-3.13595
-3.13565
-3.13291
-3.12747
-3.12666
-3.1253
-3.12429
-3.12365
-3.12238
-3.12173
-3.11984
-3.11771
-3.11388
-3.11282
-3.11253
-3.11239
-3.11148
-3.11039
-3.10788
-3.10781
-3.10708
-3.10507
-3.105
-3.10398
-3.10364
-3.10357
-3.10298
-3.10159
-3.10044
-3.09999
-3.0998
-3.09932
-3.09913
-3.09778
-3.09704
-3.09576
-3.09501
-3.09284
-3.09235
-3.09184
-3.09178
-3.09095
-3.08959
-3.08935
-3.08891
-3.08811
-3.08756
-3.08753
-3.08732
-3.08658
-3.08631
-3.08422
-3.08355
-3.0827
-3.08234
-3.08025
-3.07958
-3.07703
-3.07697
-3.07658
-3.07645
-3.07527
-3.07494
-3.07483
-3.07464
-3.07459
-3.07434
-3.07408
-3.07313
-3.07304
-3.0712
-3.07114
-3.07066
-3.0703
-3.06837
-3.06738
-3.0662
-3.06554
-3.06501
-3.0627
-3.05634
-3.05581
-3.05501
-3.053
-3.0517
-3.05042
-3.05019
-3.04995
-3.04861
-3.04576
-3.04311
-3.04106
-3.03992
-3.03922
-3.0384
-3.03728
-3.0369
-3.03685
-3.03672
-3.03642
-3.0346
-3.03303
-3.03146
-3.02921
-3.02789
-3.0271
-3.02702
-3.02611
-3.02348
-3.02136
-3.02109
-3.02046
-3.02021
-3.01989
-3.01939
-3.01924
-3.01919
-3.016
-3.0137
-3.0135
-3.01238
-3.01217
-3.01161
-3.01109
-3.01015
-3.00929
-3.00882
-3.00678
-3.00643
-3.00397
-3.00278
-3.00135
-3.00034
-2.99998
-2.99903
-2.9988
-2.99774
-2.99757
-2.99662
-2.99655
-2.99569
-2.98947
-2.98917
-2.98835
-2.98819
-2.98467
-2.98361
-2.98316
-2.98275
-2.98224
-2.98168
-2.98162
-2.98097
-2.98054
-2.97987
-2.9776
-2.97731
-2.97695
-2.97613
-2.97373
-2.97105
-2.97081
-2.97032
-2.96688
-2.96507
-2.96471
-2.96463
-2.96375
-2.96303
-2.96294
-2.96276
-2.96218
-2.95973
-2.95939
-2.95925
-2.95894
-2.95713
-2.95683
-2.95638
-2.9557
-2.95443
-2.95439
-2.95433
-2.95312
-2.94864
-2.94824
-2.94795
-2.94754
-2.94713
-2.94657
-2.94543
-2.94489
-2.94484
-2.94398
-2.94364
-2.94259
-2.93942
-2.93906
-2.93809
-2.93769
-2.93689
-2.93587
-2.93507
-2.93408
-2.93337
-2.93312
-2.93304
-2.93286
-2.93009
-2.92983
-2.92589
-2.92505
-2.92473
-2.92457
-2.92424
-2.92409
-2.92314
-2.91964
-2.91826
-2.9179
-2.91677
-2.91672
-2.91606
-2.91583
-2.91553
-2.91484
-2.91344
-2.91105
-2.90875
-2.90693
-2.90513
-2.90512
-2.90477
-2.90474
-2.90414
-2.90279
-2.90277
-2.90274
-2.90123
-2.90004
-2.89931
-2.89915
-2.8984
-2.89766
-2.8972
-2.89567
-2.89244
-2.89195
-2.89133
-2.89124
-2.89093
-2.88999
-2.88735
-2.88677
-2.88453
-2.88393
-2.88329
-2.88253
-2.88091
-2.88016
-2.88009
-2.8782
-2.87767
-2.87767
-2.8774
-2.8756
-2.87555
-2.8751
-2.87258
-2.8702
-2.86524
-2.8648
-2.86457
-2.86431
-2.86274
-2.86164
-2.86109
-2.86051
-2.85987
-2.85942
-2.85867
-2.85775
-2.85712
-2.85668
-2.85514
-2.85392
-2.8521
-2.84976
-2.84649
-2.84607
-2.8455
-2.84403
-2.84352
-2.84322
-2.84277
-2.84233
-2.84191
-2.84185
-2.84172
-2.83939
-2.8378
-2.83722
-2.83703
-2.83661
-2.83622
-2.83601
-2.83444
-2.83274
-2.82987
-2.82922
-2.82771
-2.82763
-2.82728
-2.8271
-2.82685
-2.82673
-2.82579
-2.82274
-2.82217
-2.8199
-2.81985
-2.81951
-2.81892
-2.81885
-2.81879
-2.81692
-2.81637
-2.81629
-2.81403
-2.81399
-2.8139
-2.81374
-2.81101
-2.81056
-2.8088
-2.80879
-2.80803
-2.80799
-2.80626
-2.80615
-2.806
-2.80561
-2.8043
-2.80377
-2.80266
-2.80181
-2.80107
-2.7999
-2.79922
-2.79833
-2.79592
-2.79389
-2.79287
-2.79158
-2.78886
-2.78882
-2.78867
-2.78155
-2.77916
-2.77758
-2.77727
-2.77724
-2.7737
-2.77313
-2.77299
-2.77229
-2.77147
-2.77063
-2.77028
-2.76974
-2.76827
-2.76779
-2.76748
-2.76627
-2.76592
-2.76392
-2.76391
-2.76364
-2.76318
-2.76084
-2.76049
-2.75908
-2.75892
-2.75792
-2.75737
-2.75714
-2.75648
-2.75518
-2.75512
-2.75426
-2.75326
-2.75207
-2.75142
-2.74927
-2.74848
-2.74783
-2.7477
-2.74585
-2.74389
-2.74366
-2.7428
-2.74259
-2.74237
-2.73728
-2.7363
-2.73428
-2.73213
-2.73077
-2.72658
-2.72645
-2.72593
-2.72555
-2.72506
-2.72425
-2.72397
-2.72312
-2.72249
-2.72125
-2.72092
-2.72054
-2.7199
-2.71914
-2.71873
-2.71728
-2.71552
-2.71454
-2.7121
-2.71067
-2.71064
-2.71057
-2.70959
-2.70933
-2.70828
-2.70807
-2.70678
-2.70629
-2.70443
-2.70377
-2.70344
-2.70196
-2.7001
-2.69764
-2.69727
-2.69661
-2.69537
-2.69435
-2.69338
-2.69333
-2.69297
-2.69281
-2.6919
-2.68993
-2.68966
-2.68788
-2.6874
-2.6873
-2.68727
-2.68597
-2.68585
-2.68569
-2.68522
-2.68318
-2.68263
-2.68085
-2.68022
-2.67914
-2.6785
-2.67619
-2.67573
-2.67523
-2.67262
-2.67211
-2.67188
-2.66972
-2.66835
-2.66835
-2.66695
-2.6667
-2.66311
-2.66307
-2.66184
-2.66173
-2.66077
-2.66061
-2.65874
-2.6583
-2.65683
-2.65649
-2.65636
-2.6563
-2.65543
-2.65493
-2.65447
-2.65442
-2.65332
-2.65097
-2.65077
-2.65068
-2.65036
-2.65001
-2.64812
-2.64799
-2.64621
-2.64451
-2.64391
-2.64245
-2.63983
-2.63982
-2.63954
-2.63908
-2.63746
-2.63343
-2.63236
-2.63212
-2.62962
-2.62937
-2.62853
-2.62848
-2.62832
-2.62688
-2.62592
-2.62426
-2.62416
-2.62288
-2.62229
-2.62188
-2.61806
-2.61775
-2.61643
-2.61486
-2.61465
-2.61378
-2.61321
-2.61267
-2.61052
-2.60952
-2.60829
-2.60752
-2.60628
-2.60621
-2.60352
-2.60221
-2.59995
-2.5987
-2.59333
-2.59298
-2.5919
-2.59123
-2.59117
-2.58877
-2.588
-2.58789
-2.58767
-2.58727
-2.58484
-2.58484
-2.58446
-2.58372
-2.58332
-2.58262
-2.58152
-2.58141
-2.58084
-2.57907
-2.57868
-2.57791
-2.5769
-2.57682
-2.57654
-2.57533
-2.57499
-2.57397
-2.57157
-2.57107
-2.57079
-2.57061
-2.56745
-2.56702
-2.56349
-2.56169
-2.56092
-2.5607
-2.56013
-2.55995
-2.55909
-2.55704
-2.55697
-2.55694
-2.55535
-2.55477
-2.55396
-2.55277
-2.55164
-2.55121
-2.55052
-2.55007
-2.54994
-2.54939
-2.54694
-2.54559
-2.54482
-2.54417
-2.54364
-2.5434
-2.54236
-2.54203
-2.54146
-2.54016
-2.53762
-2.53702
-2.53586
-2.53545
-2.53432
-2.53241
-2.53006
-2.53002
-2.5281
-2.52786
-2.5261
-2.52297
-2.52084
-2.52052
-2.5196
-2.51771
-2.51716
-2.51697
-2.5136
-2.50921
-2.50856
-2.50758
-2.50601
-2.5055
-2.50534
-2.50533
-2.50359
-2.50301
-2.50292
-2.50173
-2.50063
-2.50038
-2.49627
-2.49604
-2.49539
-2.49447
-2.49358
-2.49332
-2.49302
-2.48974
-2.48941
-2.48915
-2.48847
-2.48739
-2.48634
-2.48558
-2.48526
-2.4846
-2.48357
-2.48312
-2.48306
-2.48256
-2.48102
-2.47662
-2.47557
-2.47515
-2.47283
-2.46986
-2.4691
-2.46837
-2.46784
-2.46727
-2.4661
-2.46541
-2.4654
-2.46485
-2.46339
-2.46193
-2.46097
-2.45852
-2.45848
-2.45846
-2.45805
-2.45764
-2.45703
-2.45606
-2.4549
-2.45146
-2.45108
-2.44798
-2.44717
-2.44669
-2.4465
-2.44649
-2.44533
-2.44528
-2.44314
-2.44181
-2.44042
-2.43673
-2.43416
-2.4339
-2.43367
-2.43245
-2.4324
-2.43144
-2.43024
-2.42966
-2.42948
-2.42913
-2.42854
-2.42677
-2.42625
-2.42517
-2.42322
-2.41895
-2.41745
-2.41587
-2.41436
-2.41371
-2.4132
-2.41124
-2.40848
-2.40821
-2.40767
-2.4073
-2.4057
-2.40379
-2.40322
-2.40295
-2.40275
-2.40216
-2.40042
-2.40017
-2.39995
-2.39846
-2.39761
-2.39707
-2.39272
-2.39252
-2.39245
-2.39226
-2.39021
-2.38684
-2.38643
-2.38624
-2.38557
-2.38447
-2.38366
-2.38265
-2.38056
-2.38021
-2.37745
-2.3771
-2.37507
-2.37384
-2.37181
-2.3711
-2.3705
-2.37002
-2.36956
-2.36856
-2.3661
-2.36337
-2.3631
-2.36291
-2.36109
-2.36082
-2.36082
-2.35922
-2.35851
-2.35836
-2.35701
-2.35699
-2.3533
-2.35303
-2.35302
-2.35277
-2.34748
-2.34643
-2.34498
-2.34464
-2.34258
-2.3423
-2.34081
-2.34043
-2.33879
-2.33741
-2.33712
-2.3362
-2.33538
-2.33484
-2.33422
-2.334
-2.33329
-2.33121
-2.33045
-2.32994
-2.3282
-2.32711
-2.32579
-2.32269
-2.32224
-2.32077
-2.32058
-2.32029
-2.31883
-2.3172
-2.31654
-2.31346
-2.31305
-2.31299
-2.31184
-2.31018
-2.30935
-2.30693
-2.30684
-2.30607
-2.30568
-2.30475
-2.30351
-2.30288
-2.30277
-2.3017
-2.29976
-2.29966
-2.29956
-2.2947
-2.29409
-2.29365
-2.29334
-2.29276
-2.29113
-2.28989
-2.28988
-2.28916
-2.28865
-2.28857
-2.28795
-2.28775
-2.28672
-2.28614
-2.28547
-2.28482
-2.28228
-2.27891
-2.27702
-2.27607
-2.27486
-2.2748
-2.27066
-2.26962
-2.26872
-2.26841
-2.26727
-2.26726
-2.26683
-2.26678
-2.265
-2.26449
-2.26436
-2.26363
-2.26174
-2.26033
-2.25971
-2.25815
-2.25722
-2.25701
-2.25609
-2.25549
-2.25522
-2.25023
-2.24999
-2.24918
-2.24878
-2.2485
-2.24797
-2.24711
-2.24652
-2.24604
-2.24277
-2.24221
-2.24164
-2.23937
-2.23928
-2.2387
-2.23585
-2.23538
-2.23538
-2.23489
-2.22885
-2.22556
-2.22469
-2.22429
-2.22276
-2.22151
-2.22058
-2.21885
-2.21645
-2.21591
-2.21589
-2.21411
-2.21399
-2.21373
-2.21352
-2.21204
-2.21157
-2.21114
-2.21044
-2.20836
-2.20565
-2.20138
-2.20076
-2.20053
-2.1994
-2.1985
-2.19787
-2.19632
-2.19628
-2.19608
-2.19598
-2.19499
-2.19493
-2.1924
-2.19133
-2.18847
-2.188
-2.18733
-2.18683
-2.18479
-2.18449
-2.18419
-2.18218
-2.18117
-2.18006
-2.17951
-2.17709
-2.17701
-2.17678
-2.17646
-2.17577
-2.17473
-2.17303
-2.17199
-2.17198
-2.17105
-2.17024
-2.16861
-2.16816
-2.16763
-2.1672
-2.16628
-2.16602
-2.16593
-2.16552
-2.16503
-2.16458
-2.16401
-2.16315
-2.16261
-2.16194
-2.16069
-2.16058
-2.16015
-2.1597
-2.15949
-2.15886
-2.15835
-2.15788
-2.15708
-2.15566
-2.15526
-2.1543
-2.14905
-2.14903
-2.14878
-2.14802
-2.14393
-2.14285
-2.14216
-2.14169
-2.14112
-2.13994
-2.13888
-2.13816
-2.13675
-2.1362
-2.13598
-2.1347
-2.13416
-2.13414
-2.13413
-2.13413
-2.13358
-2.13332
-2.13134
-2.12982
-2.12722
-2.12491
-2.12418
-2.12341
-2.12292
-2.12024
-2.11988
-2.11984
-2.11755
-2.11634
-2.11512
-2.11356
-2.11004
-2.10974
-2.10755
-2.10709
-2.10485
-2.10422
-2.10334
-2.10246
-2.10155
-2.09989
-2.09987
-2.09859
-2.09856
-2.09823
-2.09809
-2.098
-2.09669
-2.09623
-2.09622
-2.09505
-2.0944
-2.09371
-2.09257
-2.09175
-2.08405
-2.08381
-2.0834
-2.08334
-2.08126
-2.08047
-2.07917
-2.07862
-2.07853
-2.07764
-2.07728
-2.07573
-2.07467
-2.07355
-2.07241
-2.07219
-2.07175
-2.0716
-2.07079
-2.06924
-2.06857
-2.06784
-2.06746
-2.06733
-2.06462
-2.06364
-2.06188
-2.06078
-2.06005
-2.05888
-2.05813
-2.05727
-2.05724
-2.05532
-2.05346
-2.05151
-2.05018
-2.04972
-2.04954
-2.04922
-2.04898
-2.04703
-2.04611
-2.04447
-2.04422
-2.03997
-2.03956
-2.03886
-2.03818
-2.03676
-2.03623
-2.03608
-2.03318
-2.03114
-2.02975
-2.02595
-2.02473
-2.02331
-2.02313
-2.02271
-2.02182
-2.02179
-2.02142
-2.01996
-2.01873
-2.01861
-2.01851
-2.01848
-2.01772
-2.01705
-2.0168
-2.01437
-2.01265
-2.01198
-2.01046
-2.0103
-2.00735
-2.00706
-2.00608
-2.00343
-2.00114
-2.00079
-2.00054
-2.00029
-1.99981
-1.99892
-1.99745
-1.99679
-1.99305
-1.99225
-1.99128
-1.99124
-1.99011
-1.99009
-1.98957
-1.98931
-1.98691
-1.98665
-1.98315
-1.98299
-1.98238
-1.98197
-1.9803
-1.97837
-1.97779
-1.97737
-1.97722
-1.9765
-1.97589
-1.97542
-1.97487
-1.97334
-1.97171
-1.97061
-1.96961
-1.96912
-1.96889
-1.9688
-1.9679
-1.96684
-1.96549
-1.96379
-1.96081
-1.95975
-1.95938
-1.9585
-1.95565
-1.95475
-1.95418
-1.95393
-1.95307
-1.95183
-1.9506
-1.94919
-1.94383
-1.94373
-1.94334
-1.93955
-1.9387
-1.93725
-1.93712
-1.93677
-1.93667
-1.93602
-1.93408
-1.93372
-1.92938
-1.92896
-1.92809
-1.92708
-1.9263
-1.92608
-1.92552
-1.92515
-1.92463
-1.9243
-1.91979
-1.91893
-1.91572
-1.91497
-1.91395
-1.91342
-1.91274
-1.91203
-1.91183
-1.9117
-1.91101
-1.90982
-1.90918
-1.90891
-1.90889
-1.90708
-1.90587
-1.90493
-1.90378
-1.90375
-1.90316
-1.90203
-1.90167
-1.90054
-1.89865
-1.89841
-1.89765
-1.89695
-1.89577
-1.89562
-1.89496
-1.89322
-1.89304
-1.89259
-1.89137
-1.89108
-1.89056
-1.88939
-1.88909
-1.88903
-1.88874
-1.88698
-1.88679
-1.88625
-1.88603
-1.88575
-1.88408
-1.88247
-1.88183
-1.88086
-1.87961
-1.87952
-1.87734
-1.87654
-1.87612
-1.87263
-1.87168
-1.87131
-1.86866
-1.86485
-1.86349
-1.86324
-1.86285
-1.86192
-1.85959
-1.85815
-1.85617
-1.85587
-1.85551
-1.85505
-1.85477
-1.85294
-1.85003
-1.84927
-1.84905
-1.84854
-1.84829
-1.8479
-1.8452
-1.84371
-1.84262
-1.84216
-1.84192
-1.83984
-1.83863
-1.83828
-1.83805
-1.83737
-1.83597
-1.83475
-1.83365
-1.83246
-1.83236
-1.83228
-1.82992
-1.8295
-1.82916
-1.8272
-1.82675
-1.8266
-1.82646
-1.82544
-1.82417
-1.82406
-1.8216
-1.82131
-1.82116
-1.81951
-1.81749
-1.81539
-1.81537
-1.81506
-1.80993
-1.80991
-1.80921
-1.80764
-1.80665
-1.80576
-1.80555
-1.80448
-1.8022
-1.8014
-1.79688
-1.79683
-1.79489
-1.79484
-1.79356
-1.79326
-1.79265
-1.78977
-1.78967
-1.78891
-1.7864
-1.78525
-1.78455
-1.78077
-1.77971
-1.77931
-1.77819
-1.77598
-1.7754
-1.77479
-1.77326
-1.77317
-1.77292
-1.77218
-1.77171
-1.77168
-1.77097
-1.77053
-1.7703
-1.76932
-1.76918
-1.76903
-1.76742
-1.76668
-1.76132
-1.76092
-1.75803
-1.75697
-1.75486
-1.7544
-1.75187
-1.75162
-1.75158
-1.75048
-1.74866
-1.7486
-1.74728
-1.74662
-1.74513
-1.74504
-1.74457
-1.7439
-1.74226
-1.7414
-1.74039
-1.73874
-1.73865
-1.73839
-1.73828
-1.73721
-1.7367
-1.7353
-1.73491
-1.73451
-1.7339
-1.73306
-1.73128
-1.73117
-1.72995
-1.7281
-1.72767
-1.72569
-1.72546
-1.72344
-1.72197
-1.72132
-1.71935
-1.71827
-1.71804
-1.71631
-1.71527
-1.71435
-1.71383
-1.70964
-1.70889
-1.70869
-1.7081
-1.70808
-1.70805
-1.70778
-1.70729
-1.70559
-1.70393
-1.70365
-1.70346
-1.70329
-1.70129
-1.69987
-1.69924
-1.69914
-1.69871
-1.6973
-1.69658
-1.69516
-1.69502
-1.69345
-1.69305
-1.69294
-1.69199
-1.69173
-1.69057
-1.68949
-1.68945
-1.68879
-1.68872
-1.68814
-1.68727
-1.6872
-1.68588
-1.68561
-1.68413
-1.68326
-1.68325
-1.68186
-1.68025
-1.679
-1.6789
-1.6786
-1.67827
-1.67655
-1.67461
-1.67415
-1.67209
-1.67158
-1.67136
-1.6706
-1.67041
-1.66932
-1.669
-1.66852
-1.66691
-1.66618
-1.6656
-1.66539
-1.66497
-1.66435
-1.66326
-1.6619
-1.66155
-1.66057
-1.65894
-1.65881
-1.6551
-1.65506
-1.65301
-1.65298
-1.65266
-1.65134
-1.65129
-1.65071
-1.64902
-1.64901
-1.64804
-1.64746
-1.6461
-1.64237
-1.64219
-1.64118
-1.64028
-1.64001
-1.63958
-1.63898
-1.63867
-1.63812
-1.63787
-1.63778
-1.63708
-1.63536
-1.6342
-1.63272
-1.62849
-1.62846
-1.62741
-1.62702
-1.6261
-1.62539
-1.62533
-1.62293
-1.62256
-1.62237
-1.62051
-1.61925
-1.61704
-1.61601
-1.6158
-1.61384
-1.61305
-1.61296
-1.60935
-1.6081
-1.60777
-1.60625
-1.6062
-1.60544
-1.60543
-1.60468
-1.6039
-1.60283
-1.59834
-1.59779
-1.59634
-1.59601
-1.59535
-1.59422
-1.59421
-1.59417
-1.59302
-1.59044
-1.58933
-1.5881
-1.58665
-1.58623
-1.5855
-1.585
-1.58342
-1.58254
-1.58024
-1.57996
-1.57941
-1.57868
-1.57856
-1.57808
-1.57794
-1.57709
-1.5758
-1.57144
-1.56974
-1.56937
-1.56914
-1.56809
-1.56758
-1.56741
-1.56608
-1.56444
-1.55981
-1.55832
-1.55562
-1.55556
-1.5553
-1.55237
-1.55127
-1.55085
-1.55051
-1.55026
-1.54833
-1.54783
-1.5471
-1.54487
-1.54237
-1.54146
-1.54143
-1.54056
-1.53991
-1.53933
-1.53762
-1.5376
-1.53684
-1.53582
-1.53448
-1.5343
-1.5335
-1.5324
-1.53052
-1.52838
-1.52753
-1.52716
-1.52705
-1.52573
-1.52559
-1.52556
-1.5252
-1.52362
-1.52239
-1.52142
-1.52089
-1.51891
-1.51763
-1.5174
-1.5173
-1.51698
-1.51664
-1.51656
-1.5165
-1.51601
-1.51511
-1.51331
-1.51161
-1.51076
-1.5098
-1.50959
-1.5092
-1.50816
-1.50647
-1.50465
-1.50326
-1.50261
-1.50214
-1.50146
-1.5014
-1.50121
-1.49972
-1.49954
-1.49899
-1.49618
-1.49617
-1.49597
-1.49585
-1.49384
-1.49329
-1.49285
-1.49283
-1.49185
-1.4893
-1.48812
-1.48787
-1.48725
-1.48698
-1.48693
-1.48664
-1.48477
-1.48333
-1.48223
-1.48134
-1.47973
-1.47734
-1.47623
-1.47617
-1.47562
-1.4732
-1.47266
-1.47224
-1.47188
-1.47173
-1.47111
-1.47093
-1.47003
-1.4684
-1.46781
-1.46598
-1.46229
-1.46165
-1.46086
-1.45858
-1.45844
-1.45785
-1.45781
-1.45658
-1.45557
-1.4553
-1.45488
-1.45374
-1.45216
-1.45193
-1.45165
-1.45151
-1.45139
-1.4512
-1.45012
-1.45009
-1.44873
-1.4475
-1.44716
-1.4447
-1.44361
-1.44242
-1.44002
-1.43775
-1.4375
-1.43616
-1.43511
-1.43421
-1.43112
-1.43097
-1.42904
-1.42883
-1.42672
-1.42503
-1.42478
-1.42466
-1.42391
-1.41845
-1.41712
-1.417
-1.41514
-1.41317
-1.41312
-1.41294
-1.41142
-1.41073
-1.40881
-1.40858
-1.40855
-1.40679
-1.40565
-1.40531
-1.40328
-1.40279
-1.40162
-1.40002
-1.39914
-1.39911
-1.39886
-1.39836
-1.3983
-1.39604
-1.39564
-1.39376
-1.39313
-1.39129
-1.39113
-1.39
-1.38937
-1.3887
-1.38865
-1.38793
-1.38441
-1.38398
-1.38302
-1.38219
-1.38194
-1.38043
-1.38032
-1.37986
-1.37873
-1.37838
-1.37533
-1.37509
-1.37484
-1.37396
-1.37384
-1.37309
-1.37251
-1.37205
-1.3712
-1.3712
-1.37016
-1.36844
-1.36827
-1.3673
-1.36689
-1.36624
-1.36556
-1.36519
-1.36466
-1.3641
-1.36163
-1.36135
-1.36128
-1.36101
-1.36009
-1.35968
-1.3573
-1.35668
-1.35663
-1.3536
-1.35295
-1.35168
-1.34972
-1.34858
-1.34827
-1.34818
-1.34741
-1.34699
-1.34693
-1.34541
-1.34452
-1.34385
-1.34263
-1.34256
-1.34251
-1.33899
-1.33808
-1.33719
-1.33524
-1.33464
-1.33385
-1.33341
-1.33248
-1.33085
-1.33024
-1.32949
-1.32881
-1.32805
-1.32612
-1.32449
-1.3208
-1.32047
-1.32043
-1.31863
-1.31849
-1.3178
-1.31692
-1.31651
-1.31489
-1.31438
-1.31355
-1.31257
-1.31142
-1.3114
-1.31092
-1.30971
-1.30915
-1.30857
-1.30839
-1.30838
-1.30836
-1.30678
-1.30675
-1.30645
-1.3063
-1.30587
-1.30508
-1.30439
-1.30401
-1.30347
-1.30268
-1.30252
-1.30223
-1.30059
-1.29974
-1.29712
-1.29681
-1.29579
-1.29374
-1.2933
-1.29182
-1.28871
-1.28836
-1.28595
-1.28536
-1.28377
-1.28297
-1.28129
-1.28086
-1.28075
-1.2752
-1.2746
-1.27363
-1.27303
-1.27171
-1.27078
-1.27046
-1.26855
-1.26796
-1.26773
-1.26773
-1.26638
-1.26614
-1.26594
-1.26419
-1.26256
-1.26222
-1.26132
-1.25922
-1.2589
-1.25646
-1.25593
-1.25574
-1.2545
-1.25423
-1.25298
-1.25023
-1.2499
-1.24951
-1.2486
-1.2483
-1.24796
-1.24652
-1.24638
-1.24606
-1.24577
-1.24573
-1.24405
-1.24359
-1.24305
-1.24294
-1.24008
-1.23938
-1.23809
-1.23652
-1.23506
-1.23485
-1.23424
-1.23369
-1.23317
-1.23122
-1.22978
-1.22934
-1.2292
-1.22815
-1.22757
-1.22423
-1.22362
-1.22167
-1.22107
-1.22025
-1.21997
-1.2193
-1.21867
-1.21855
-1.21822
-1.21697
-1.21697
-1.21649
-1.21639
-1.21567
-1.21485
-1.21433
-1.21292
-1.21238
-1.21169
-1.211
-1.20916
-1.20901
-1.20844
-1.20796
-1.20771
-1.20484
-1.20374
-1.20358
-1.20265
-1.20245
-1.20195
-1.2018
-1.20097
-1.20074
-1.19927
-1.19755
-1.1966
-1.19625
-1.19578
-1.19565
-1.19453
-1.19419
-1.19377
-1.19265
-1.1915
-1.19101
-1.18914
-1.18871
-1.18863
-1.18815
-1.18758
-1.18574
-1.18493
-1.18374
-1.18302
-1.18287
-1.18052
-1.17967
-1.17913
-1.17895
-1.17839
-1.17826
-1.17745
-1.17691
-1.17611
-1.17589
-1.17498
-1.17454
-1.17415
-1.17259
-1.17145
-1.17019
-1.16928
-1.16881
-1.16772
-1.1669
-1.16588
-1.16409
-1.1639
-1.16258
-1.16194
-1.16161
-1.16145
-1.1604
-1.15948
-1.15836
-1.15723
-1.15702
-1.15653
-1.156
-1.15571
-1.15556
-1.15515
-1.15387
-1.1538
-1.15313
-1.15189
-1.15129
-1.1507
-1.14971
-1.14965
-1.14344
-1.14258
-1.14057
-1.13947
-1.13893
-1.13863
-1.13857
-1.13734
-1.13513
-1.13461
-1.13423
-1.13112
-1.13005
-1.12765
-1.12653
-1.12599
-1.12588
-1.1254
-1.12517
-1.12056
-1.11906
-1.11819
-1.1179
-1.11681
-1.11662
-1.11478
-1.11427
-1.11273
-1.1124
-1.11209
-1.11158
-1.10985
-1.10845
-1.10733
-1.10691
-1.10655
-1.10539
-1.10527
-1.10489
-1.10151
-1.0995
-1.09786
-1.09509
-1.09451
-1.0934
-1.09279
-1.09277
-1.09218
-1.09155
-1.09141
-1.09125
-1.09063
-1.09018
-1.08869
-1.08676
-1.0853
-1.08315
-1.08261
-1.08071
-1.08038
-1.07911
-1.07854
-1.07806
-1.07533
-1.07504
-1.07355
-1.07086
-1.06866
-1.06864
-1.06743
-1.06699
-1.06655
-1.06539
-1.0651
-1.06323
-1.06301
-1.05685
-1.0568
-1.05623
-1.05564
-1.0555
-1.05455
-1.05297
-1.05273
-1.04997
-1.04854
-1.04764
-1.04718
-1.04475
-1.04386
-1.04346
-1.04327
-1.04266
-1.04176
-1.0416
-1.04053
-1.03993
-1.03978
-1.03901
-1.03753
-1.0373
-1.03632
-1.03575
-1.0346
-1.03294
-1.03182
-1.02967
-1.02779
-1.02758
-1.0274
-1.02706
-1.02563
-1.02546
-1.02494
-1.02462
-1.02439
-1.0238
-1.02334
-1.02107
-1.01917
-1.01647
-1.01632
-1.01582
-1.01564
-1.01438
-1.01394
-1.01367
-1.01346
-1.01218
-1.01106
-1.01057
-1.01031
-1.00962
-1.00861
-1.00761
-1.00745
-1.00683
-1.0066
-1.0025
-0.997973
-0.994771
-0.994648
-0.994273
-0.992064
-0.99203
-0.991679
-0.989508
-0.989181
-0.989132
-0.988085
-0.985855
-0.985388
-0.983837
-0.983127
-0.981622
-0.980244
-0.978442
-0.978031
-0.975832
-0.975679
-0.974988
-0.973889
-0.973402
-0.971535
-0.96878
-0.968733
-0.967941
-0.960577
-0.959879
-0.956111
-0.95528
-0.954975
-0.951717
-0.950621
-0.947667
-0.946989
-0.946842
-0.946286
-0.946187
-0.945288
-0.945192
-0.945084
-0.94353
-0.941828
-0.940568
-0.940165
-0.939976
-0.939935
-0.93659
-0.936104
-0.935313
-0.9336
-0.932894
-0.932471
-0.930079
-0.929333
-0.928751
-0.928728
-0.928148
-0.92813
-0.927107
-0.926602
-0.925468
-0.922299
-0.922036
-0.921983
-0.921895
-0.921558
-0.920774
-0.920681
-0.920485
-0.913852
-0.913793
-0.913771
-0.91366
-0.913511
-0.91346
-0.911857
-0.911794
-0.910419
-0.910036
-0.909917
-0.909543
-0.908654
-0.905903
-0.905229
-0.905003
-0.90305
-0.901779
-0.901404
-0.899678
-0.897625
-0.895628
-0.893543
-0.893217
-0.892096
-0.891379
-0.890606
-0.890076
-0.889558
-0.887687
-0.88747
-0.886768
-0.886506
-0.886163
-0.885492
-0.883422
-0.882788
-0.881571
-0.881285
-0.880546
-0.876993
-0.876931
-0.876858
-0.874591
-0.874586
-0.874248
-0.873803
-0.87253
-0.872054
-0.871517
-0.870903
-0.870885
-0.867321
-0.866252
-0.864616
-0.864385
-0.863589
-0.863574
-0.863343
-0.862051
-0.861485
-0.860273
-0.859523
-0.858696
-0.857364
-0.852141
-0.852101
-0.848879
-0.847898
-0.847153
-0.847051
-0.845074
-0.842909
-0.842203
-0.841847
-0.841268
-0.840968
-0.840451
-0.839873
-0.837906
-0.837591
-0.83718
-0.833786
-0.833049
-0.832459
-0.831822
-0.829336
-0.827348
-0.827093
-0.82466
-0.823656
-0.823376
-0.822539
-0.822235
-0.819771
-0.81775
-0.817075
-0.816085
-0.815543
-0.810567
-0.808495
-0.808162
-0.806681
-0.805387
-0.803665
-0.803638
-0.802245
-0.802234
-0.801047
-0.80058
-0.799316
-0.799093
-0.798767
-0.798098
-0.797649
-0.797155
-0.793917
-0.792067
-0.792011
-0.790257
-0.789177
-0.789085
-0.788366
-0.786606
-0.786171
-0.784955
-0.782411
-0.781697
-0.78164
-0.781202
-0.78118
-0.781168
-0.781146
-0.779999
-0.77974
-0.779271
-0.779015
-0.778264
-0.777829
-0.77714
-0.776066
-0.773849
-0.773749
-0.77358
-0.773509
-0.773223
-0.772681
-0.771565
-0.771445
-0.771255
-0.767758
-0.766611
-0.765728
-0.764528
-0.764017
-0.761302
-0.760617
-0.757859
-0.756914
-0.756745
-0.756542
-0.756248
-0.756159
-0.755868
-0.755781
-0.752924
-0.752849
-0.752653
-0.752029
-0.75005
-0.749922
-0.749841
-0.748371
-0.748078
-0.747998
-0.746433
-0.745963
-0.745577
-0.743325
-0.741585
-0.741182
-0.740888
-0.740879
-0.739541
-0.736493
-0.734927
-0.734584
-0.734575
-0.733878
-0.733008
-0.732326
-0.732172
-0.731423
-0.730702
-0.72733
-0.725094
-0.724329
-0.722165
-0.721482
-0.721329
-0.716962
-0.716428
-0.714947
-0.7129
-0.711668
-0.711579
-0.710921
-0.710713
-0.708417
-0.707833
-0.706664
-0.706178
-0.705147
-0.70453
-0.70398
-0.703733
-0.703704
-0.702524
-0.700958
-0.700734
-0.699127
-0.696947
-0.696298
-0.695992
-0.69575
-0.695095
-0.694913
-0.694677
-0.693459
-0.693328
-0.690899
-0.688302
-0.687626
-0.687389
-0.686816
-0.68681
-0.686158
-0.686012
-0.685982
-0.684685
-0.683804
-0.683219
-0.680863
-0.680605
-0.679504
-0.678362
-0.678078
-0.676412
-0.675215
-0.674228
-0.674115
-0.673705
-0.673072
-0.67257
-0.672421
-0.671657
-0.669706
-0.669663
-0.667862
-0.663532
-0.662653
-0.661997
-0.658557
-0.656459
-0.655735
-0.655221
-0.654883
-0.654542
-0.653802
-0.652023
-0.648378
-0.648073
-0.647465
-0.647365
-0.646807
-0.64579
-0.64552
-0.644571
-0.64343
-0.642889
-0.642871
-0.642382
-0.639793
-0.63917
-0.636152
-0.63584
-0.635574
-0.634639
-0.633561
-0.632431
-0.627627
-0.627047
-0.626989
-0.62609
-0.62552
-0.624831
-0.624737
-0.623439
-0.622749
-0.62199
-0.620299
-0.619687
-0.619496
-0.619281
-0.618809
-0.618014
-0.61718
-0.616364
-0.614857
-0.614641
-0.613807
-0.610929
-0.609352
-0.609309
-0.607747
-0.607517
-0.607484
-0.604615
-0.604019
-0.603765
-0.602077
-0.601265
-0.599946
-0.596115
-0.59607
-0.593599
-0.592935
-0.592756
-0.59215
-0.589831
-0.588788
-0.588571
-0.58775
-0.586042
-0.585981
-0.585957
-0.585449
-0.585025
-0.58501
-0.584822
-0.584769
-0.584375
-0.582704
-0.582186
-0.580528
-0.57943
-0.578547
-0.576984
-0.576644
-0.575903
-0.575885
-0.575227
-0.573276
-0.57276
-0.57241
-0.572404
-0.571712
-0.570066
-0.569393
-0.568327
-0.567853
-0.567002
-0.566299
-0.566253
-0.56557
-0.564734
-0.562556
-0.561467
-0.561188
-0.560713
-0.560616
-0.556968
-0.556256
-0.556173
-0.555644
-0.555517
-0.555275
-0.555216
-0.552862
-0.552835
-0.551397
-0.551309
-0.549943
-0.549378
-0.548533
-0.545844
-0.545341
-0.544472
-0.544356
-0.542612
-0.542341
-0.542308
-0.541626
-0.540599
-0.540042
-0.538609
-0.536089
-0.535642
-0.534172
-0.533704
-0.532136
-0.531509
-0.527722
-0.526901
-0.524455
-0.522525
-0.521015
-0.517352
-0.51621
-0.516163
-0.515886
-0.515146
-0.515039
-0.515023
-0.51047
-0.508905
-0.508724
-0.507123
-0.504618
-0.502346
-0.50233
-0.502039
-0.501552
-0.499434
-0.494067
-0.493833
-0.492639
-0.49232
-0.490492
-0.488859
-0.488396
-0.487652
-0.486318
-0.486298
-0.485729
-0.483033
-0.480373
-0.479812
-0.478726
-0.476863
-0.476442
-0.475541
-0.475072
-0.473776
-0.472606
-0.472149
-0.470952
-0.470849
-0.470671
-0.47001
-0.469757
-0.469447
-0.466614
-0.46505
-0.463045
-0.462381
-0.461948
-0.460845
-0.460254
-0.458222
-0.457892
-0.456376
-0.455411
-0.455008
-0.453136
-0.452085
-0.45138
-0.451099
-0.451052
-0.450646
-0.449101
-0.448691
-0.447968
-0.44688
-0.446171
-0.446012
-0.445963
-0.445528
-0.442321
-0.442039
-0.441196
-0.438713
-0.435809
-0.433923
-0.433243
-0.430764
-0.430227
-0.428802
-0.427604
-0.426803
-0.426739
-0.426363
-0.426091
-0.426062
-0.425455
-0.424695
-0.424404
-0.422365
-0.416181
-0.414936
-0.414788
-0.412159
-0.412121
-0.411509
-0.410955
-0.410017
-0.409942
-0.409926
-0.409795
-0.40967
-0.405704
-0.405104
-0.403494
-0.40284
-0.40242
-0.400922
-0.399412
-0.397689
-0.396416
-0.392577
-0.392389
-0.389963
-0.386148
-0.385946
-0.38569
-0.384783
-0.384489
-0.382796
-0.381875
-0.380216
-0.379567
-0.379146
-0.378658
-0.378017
-0.375627
-0.375384
-0.374344
-0.374334
-0.373564
-0.373224
-0.369091
-0.367957
-0.365762
-0.362227
-0.360101
-0.359033
-0.358574
-0.358364
-0.357607
-0.356491
-0.356421
-0.351531
-0.351171
-0.350916
-0.350721
-0.350389
-0.349818
-0.349308
-0.348464
-0.347468
-0.346401
-0.3461
-0.343247
-0.34015
-0.338404
-0.33813
-0.337845
-0.337747
-0.337223
-0.336529
-0.334764
-0.332992
-0.33247
-0.331319
-0.330379
-0.329983
-0.328436
-0.328062
-0.327606
-0.326863
-0.324543
-0.323283
-0.322868
-0.32265
-0.322597
-0.32114
-0.320955
-0.320563
-0.319875
-0.316101
-0.316033
-0.315908
-0.312591
-0.312552
-0.311068
-0.309518
-0.308276
-0.307531
-0.307477
-0.307131
-0.305293
-0.304825
-0.303407
-0.30293
-0.301453
-0.298647
-0.294654
-0.294364
-0.293721
-0.290566
-0.289788
-0.289047
-0.288899
-0.287919
-0.287884
-0.285474
-0.285378
-0.283802
-0.283697
-0.282854
-0.282277
-0.282207
-0.278361
-0.276625
-0.27575
-0.274665
-0.273547
-0.272422
-0.27236
-0.271668
-0.2716
-0.271285
-0.27126
-0.269128
-0.269125
-0.268471
-0.267824
-0.267623
-0.267163
-0.26572
-0.265687
-0.265553
-0.263911
-0.261566
-0.25912
-0.258137
-0.255419
-0.255225
-0.252316
-0.251618
-0.250515
-0.248082
-0.247856
-0.247696
-0.247202
-0.247093
-0.246666
-0.245517
-0.244192
-0.24364
-0.243054
-0.242019
-0.237896
-0.236389
-0.236206
-0.236061
-0.234437
-0.232296
-0.229806
-0.228941
-0.228625
-0.226297
-0.226242
-0.225698
-0.225673
-0.225219
-0.224975
-0.224391
-0.224067
-0.22382
-0.223366
-0.223136
-0.222936
-0.221328
-0.22038
-0.219935
-0.219902
-0.218443
-0.21808
-0.216879
-0.215967
-0.215283
-0.214653
-0.21385
-0.213416
-0.213317
-0.212566
-0.210874
-0.209884
-0.208811
-0.20591
-0.20507
-0.204549
-0.203654
-0.20205
-0.201615
-0.20043
-0.199559
-0.199265
-0.199118
-0.198133
-0.197047
-0.196334
-0.196307
-0.195884
-0.194814
-0.194302
-0.193391
-0.192196
-0.192093
-0.191615
-0.190381
-0.188332
-0.188273
-0.187098
-0.187088
-0.185811
-0.184718
-0.184504
-0.183795
-0.182595
-0.180087
-0.1781
-0.176523
-0.176431
-0.17588
-0.174133
-0.173757
-0.173579
-0.173137
-0.171783
-0.170207
-0.169671
-0.169635
-0.169583
-0.169158
-0.168652
-0.167074
-0.165197
-0.164602
-0.162854
-0.162806
-0.160941
-0.159057
-0.158521
-0.155624
-0.154556
-0.153534
-0.152322
-0.149936
-0.148579
-0.148197
-0.147937
-0.146716
-0.145819
-0.145249
-0.144457
-0.144084
-0.14145
-0.140144
-0.132664
-0.132181
-0.130273
-0.129839
-0.129076
-0.12784
-0.12772
-0.125728
-0.125128
-0.124504
-0.123611
-0.121463
-0.121359
-0.120121
-0.119042
-0.116991
-0.11647
-0.115901
-0.114715
-0.112595
-0.109761
-0.109054
-0.107298
-0.107106
-0.106849
-0.106202
-0.106192
-0.104865
-0.103513
-0.101896
-0.100027
-0.0991086
-0.0988198
-0.0984125
-0.0981509
-0.0981439
-0.0966751
-0.0951425
-0.0924051
-0.0922488
-0.0893085
-0.0877526
-0.0866395
-0.0860716
-0.0832679
-0.0830664
-0.0808589
-0.0786683
-0.0781264
-0.0777584
-0.077751
-0.0774849
-0.0774036
-0.0764819
-0.0761444
-0.0756361
-0.0753854
-0.0748138
-0.0745234
-0.0725856
-0.0722145
-0.0711538
-0.0708974
-0.069904
-0.0691082
-0.0688637
-0.0680581
-0.0656186
-0.0656141
-0.0640569
-0.0626137
-0.0621552
-0.0615108
-0.0607041
-0.0600629
-0.0558707
-0.0537319
-0.0512612
-0.0509765
-0.0490564
-0.0490131
-0.0489258
-0.0435161
-0.0424915
-0.0414105
-0.0409193
-0.0408085
-0.0401794
-0.0385184
-0.0378947
-0.0375856
-0.0374312
-0.0359094
-0.0355524
-0.0351219
-0.0349654
-0.0340502
-0.0339333
-0.0337295
-0.0331952
-0.0324376
-0.028905
-0.0281956
-0.0277896
-0.0274244
-0.0263138
-0.0249474
-0.0247557
-0.0241632
-0.0226417
-0.0218887
-0.0217296
-0.0196628
-0.0184745
-0.0165791
-0.0160231
-0.0147266
-0.0143184
-0.0108507
-0.00669355
-0.00636585
-0.0059115
-0.00576687
-0.00526885
-0.00513057
-0.00482123
-0.00356743
0.000919552
0.00230256
0.00275949
0.002853
0.00489181
0.00524156
0.00567713
0.00808471
0.0081959
0.00860033
0.00884291
0.00904224
0.00947048
0.0101123
0.0125134
0.0139094
0.0143356
0.0145185
0.016458
0.0192506
0.0208841
0.0209094
0.0210421
0.0223729
0.0224364
0.0227297
0.022807
0.0230724
0.0238113
0.0239789
0.0242577
0.0246485
0.0261614
0.0291848
0.0301527
0.0335883
0.0373165
0.0383363
0.0385843
0.0422345
0.043053
0.0435052
0.0440636
0.0466076
0.0476162
0.04825
0.0516382
0.052199
0.0529092
0.0535168
0.0548821
0.055397
0.0563356
0.0583446
0.0588064
0.0589945
0.060507
0.062137
0.0629809
0.0630689
0.0641927
0.0642103
0.0656548
0.0657228
0.0671027
0.0675909
0.0702183
0.0703586
0.0705307
0.0714583
0.0735034
0.074513
0.0755333
0.0777211
0.0784906
0.0789935
0.0800742
0.0808558
0.0812273
0.081834
0.0828236
0.0833179
0.0847641
0.0857819
0.0861364
0.0863875
0.0868977
0.0870183
0.0881376
0.0900582
0.0908974
0.0909857
0.0924606
0.0943146
0.0948739
0.0952802
0.0960827
0.0966823
0.0981889
0.0983939
0.100136
0.100566
0.101285
0.101805
0.102657
0.102717
0.104944
0.105561
0.106066
0.107087
0.107136
0.10756
0.107593
0.107734
0.108594
0.109493
0.110755
0.112335
0.113646
0.113706
0.1151
0.116297
0.117692
0.119378
0.119477
0.119623
0.121752
0.122564
0.122571
0.123179
0.123377
0.124135
0.12472
0.128826
0.130205
0.131178
0.132876
0.132934
0.13457
0.134977
0.135661
0.135718
0.137975
0.13874
0.139285
0.139365
0.140294
0.142193
0.142304
0.142359
0.143052
0.143989
0.145222
0.14582
0.146539
0.146549
0.146585
0.146591
0.147835
0.148986
0.150055
0.151705
0.152938
0.154799
0.155159
0.156336
0.156357
0.157406
0.157779
0.158678
0.161469
0.162118
0.162627
0.163003
0.164692
0.164967
0.165289
0.165356
0.167418
0.167541
0.169086
0.170516
0.172308
0.172794
0.172848
0.173445
0.177349
0.179799
0.180431
0.180696
0.181249
0.182054
0.183506
0.183561
0.184739
0.185536
0.186729
0.187363
0.187677
0.187796
0.189604
0.19168
0.192024
0.194057
0.194236
0.194641
0.196283
0.196343
0.197595
0.198192
0.198852
0.199597
0.200009
0.200307
0.201647
0.201921
0.203227
0.203476
0.203837
0.204381
0.204658
0.205408
0.20759
0.20762
0.20897
0.209688
0.210421
0.211379
0.213709
0.214036
0.215766
0.21602
0.218223
0.219424
0.219628
0.220387
0.220786
0.221569
0.226357
0.227787
0.2291
0.235231
0.237845
0.23939
0.240575
0.242189
0.242456
0.242596
0.243081
0.243111
0.243471
0.244609
0.244663
0.245217
0.245798
0.246222
0.246374
0.246666
0.246694
0.246899
0.247006
0.247115
0.250452
0.251025
0.251945
0.252739
0.253761
0.253943
0.254999
0.256607
0.257665
0.25885
0.260174
0.260213
0.26039
0.261577
0.262383
0.26682
0.267698
0.268222
0.268604
0.268695
0.269933
0.270225
0.270983
0.271027
0.271707
0.272408
0.27307
0.273812
0.273974
0.275653
0.277885
0.277889
0.280371
0.280479
0.280679
0.281143
0.283591
0.283753
0.284659
0.285136
0.286652
0.287297
0.289365
0.290711
0.29149
0.291953
0.292078
0.292298
0.293149
0.293505
0.293645
0.294545
0.294639
0.295255
0.295871
0.299573
0.300145
0.301933
0.302421
0.302512
0.304735
0.304778
0.305877
0.306313
0.307478
0.308365
0.310203
0.310678
0.312772
0.31288
0.314039
0.315579
0.315705
0.316063
0.316314
0.316718
0.317032
0.319389
0.319687
0.320167
0.321271
0.323526
0.323847
0.32469
0.327362
0.327584
0.32789
0.329117
0.329155
0.330402
0.3323
0.332582
0.334402
0.334676
0.335504
0.337518
0.33902
0.339516
0.339709
0.342469
0.343567
0.345911
0.346025
0.346258
0.348295
0.349221
0.350684
0.351024
0.35156
0.351958
0.353596
0.353711
0.354235
0.354717
0.357081
0.357455
0.358959
0.359963
0.361107
0.361234
0.361409
0.362951
0.363714
0.36491
0.364983
0.366939
0.367647
0.368824
0.370683
0.370836
0.37123
0.371799
0.371972
0.374553
0.374813
0.37582
0.376102
0.378563
0.37921
0.380445
0.381831
0.382254
0.382329
0.383239
0.383731
0.387596
0.39039
0.393055
0.394684
0.395435
0.395935
0.396116
0.397279
0.397471
0.397725
0.397834
0.398144
0.398459
0.399042
0.399354
0.399772
0.402385
0.403165
0.405525
0.405943
0.406354
0.406736
0.406874
0.407293
0.407961
0.408384
0.410634
0.411203
0.411747
0.414119
0.414606
0.417994
0.418583
0.420271
0.4213
0.422306
0.423767
0.424479
0.424787
0.424849
0.425933
0.428345
0.428581
0.428644
0.429259
0.432767
0.436765
0.437632
0.437715
0.438708
0.439018
0.439121
0.439141
0.439443
0.440032
0.441611
0.442828
0.443267
0.44413
0.44587
0.445954
0.451234
0.451368
0.452243
0.452324
0.454889
0.457118
0.457398
0.459861
0.460151
0.460559
0.46064
0.460776
0.460988
0.461167
0.461469
0.461998
0.463
0.463137
0.464046
0.464325
0.464427
0.465756
0.465857
0.468512
0.469433
0.471231
0.471776
0.472105
0.472555
0.47468
0.477231
0.477478
0.477669
0.478599
0.479325
0.480756
0.481955
0.484318
0.485352
0.486252
0.486437
0.487264
0.487402
0.488359
0.489677
0.489728
0.490248
0.49114
0.492076
0.49258
0.493778
0.494473
0.494708
0.494782
0.495388
0.496345
0.496904
0.498551
0.499001
0.499285
0.499552
0.504785
0.506857
0.510263
0.51158
0.512601
0.512947
0.512991
0.51383
0.514591
0.51518
0.515744
0.516078
0.518926
0.521061
0.52117
0.521389
0.522021
0.522859
0.523178
0.523505
0.524391
0.52579
0.526294
0.527525
0.528024
0.528397
0.530033
0.53025
0.533932
0.533992
0.535007
0.536212
0.536449
0.538041
0.539465
0.540458
0.540928
0.541312
0.542596
0.542601
0.542722
0.543646
0.543839
0.544805
0.545985
0.546675
0.547511
0.549099
0.549335
0.549445
0.550314
0.552234
0.552275
0.55349
0.556683
0.558081
0.558465
0.558696
0.559794
0.56002
0.560908
0.563075
0.564249
0.564848
0.565735
0.565927
0.566073
0.566093
0.568699
0.56943
0.570179
0.571759
0.572187
0.572322
0.572966
0.573429
0.573833
0.574127
0.574615
0.577688
0.578827
0.57891
0.579167
0.579553
0.582121
0.58327
0.583362
0.585613
0.5883
0.588308
0.589166
0.590503
0.59073
0.591517
0.592311
0.592703
0.593851
0.594766
0.595986
0.59713
0.599836
0.601843
0.602389
0.603582
0.604179
0.605336
0.605681
0.606176
0.606383
0.60832
0.61195
0.612921
0.613664
0.613861
0.614195
0.614827
0.615926
0.617
0.618071
0.618456
0.619769
0.620243
0.622499
0.622502
0.627292
0.627848
0.628579
0.63018
0.631426
0.631653
0.632894
0.633356
0.633704
0.633878
0.634401
0.635593
0.635633
0.635903
0.636713
0.637029
0.637708
0.641162
0.642441
0.643396
0.644817
0.646308
0.647354
0.647534
0.647675
0.649013
0.649046
0.649685
0.649698
0.650172
0.654005
0.654554
0.655249
0.655748
0.656072
0.656095
0.656605
0.657083
0.657357
0.658359
0.658617
0.658803
0.659044
0.659497
0.65951
0.660969
0.661277
0.661678
0.662735
0.662773
0.663337
0.665736
0.665897
0.668364
0.670734
0.67148
0.675501
0.676925
0.677942
0.679226
0.679414
0.680557
0.680985
0.681466
0.682924
0.683193
0.683576
0.684171
0.685159
0.685604
0.686317
0.686781
0.687603
0.68914
0.689554
0.692482
0.695165
0.696938
0.699359
0.700885
0.702326
0.703298
0.704491
0.705557
0.70601
0.706662
0.706747
0.707407
0.708088
0.708327
0.708916
0.709044
0.711139
0.712485
0.713539
0.713696
0.713749
0.714918
0.717012
0.717303
0.717626
0.718702
0.721206
0.721731
0.722982
0.723756
0.724834
0.725621
0.726813
0.727841
0.728992
0.729982
0.730097
0.730553
0.730924
0.732045
0.732696
0.733151
0.735317
0.738192
0.743336
0.744774
0.745108
0.748605
0.7494
0.749626
0.750413
0.752242
0.752913
0.753295
0.753842
0.755009
0.755402
0.756531
0.757706
0.758625
0.759158
0.75947
0.760232
0.760695
0.761301
0.762898
0.764134
0.764953
0.76546
0.765912
0.766255
0.766438
0.76682
0.769621
0.771044
0.774255
0.776799
0.778425
0.779584
0.779601
0.780746
0.783292
0.783444
0.783977
0.783989
0.784734
0.785441
0.785859
0.786229
0.786934
0.78805
0.788285
0.791633
0.794142
0.795598
0.795903
0.797146
0.800389
0.80059
0.801219
0.803564
0.803943
0.80436
0.804701
0.806165
0.806958
0.807699
0.808166
0.808377
0.808555
0.809311
0.811178
0.812224
0.812514
0.812709
0.816492
0.816836
0.817027
0.81819
0.818193
0.81821
0.818792
0.821421
0.822671
0.823814
0.824101
0.824488
0.826868
0.827869
0.828736
0.828795
0.829479
0.830039
0.830092
0.831229
0.831737
0.834755
0.835093
0.835418
0.835419
0.836127
0.83727
0.840395
0.840623
0.841368
0.844634
0.845074
0.845444
0.846341
0.848364
0.848387
0.849932
0.852393
0.85501
0.858542
0.861235
0.862204
0.862635
0.863067
0.865764
0.86779
0.867894
0.868554
0.870125
0.870513
0.872169
0.873634
0.87505
0.875499
0.87577
0.87752
0.879558
0.880349
0.886745
0.886976
0.887278
0.890461
0.894371
0.897161
0.897299
0.897585
0.899469
0.899915
0.900412
0.903557
0.903812
0.904334
0.905582
0.907553
0.90893
0.909527
0.909839
0.91068
0.910817
0.91106
0.913479
0.913796
0.914076
0.914678
0.914848
0.915385
0.915975
0.917648
0.919669
0.91974
0.91983
0.920237
0.922087
0.922288
0.922955
0.92392
0.927126
0.92734
0.931003
0.931277
0.932641
0.934424
0.936048
0.936177
0.936756
0.937822
0.938094
0.939764
0.942029
0.94214
0.942428
0.942816
0.942875
0.943372
0.944573
0.945787
0.946716
0.947092
0.94831
0.948401
0.949451
0.950478
0.951211
0.951926
0.953142
0.955123
0.956899
0.957496
0.959079
0.960401
0.96169
0.962258
0.962807
0.963211
0.963259
0.965916
0.966485
0.967274
0.96754
0.967797
0.968977
0.969659
0.97206
0.973935
0.974991
0.975579
0.978
0.978158
0.978168
0.978932
0.979705
0.982079
0.982508
0.982628
0.983848
0.984239
0.984399
0.985689
0.986262
0.986506
0.987012
0.987502
0.988419
0.992213
0.993509
0.993596
0.995205
0.998608
1.00011
1.0003
1.0007
1.00331
1.0038
1.00641
1.00743
1.00791
1.00905
1.00947
1.01075
1.01093
1.01094
1.01151
1.01153
1.01184
1.01243
1.01333
1.01443
1.01477
1.01502
1.01512
1.01833
1.01863
1.02249
1.02271
1.02376
1.02407
1.02444
1.02474
1.02769
1.03053
1.03064
1.03085
1.03249
1.0329
1.03545
1.03563
1.03791
1.03846
1.03864
1.03935
1.04116
1.04284
1.04358
1.04595
1.04611
1.04775
1.04797
1.04864
1.04973
1.05193
1.05208
1.05219
1.05227
1.05477
1.05585
1.05675
1.05689
1.05692
1.05933
1.06029
1.06285
1.06301
1.06301
1.06321
1.06331
1.06369
1.0652
1.06643
1.06764
1.06798
1.06833
1.07186
1.073
1.07373
1.07536
1.07554
1.07592
1.0795
1.07998
1.08204
1.08408
1.08431
1.0845
1.0859
1.08591
1.08678
1.08742
1.08764
1.08778
1.08782
1.08797
1.08863
1.08865
1.08893
1.08918
1.09263
1.09405
1.09406
1.0946
1.09505
1.09661
1.09851
1.09966
1.0998
1.10155
1.10184
1.10592
1.10684
1.11164
1.11264
1.11655
1.11734
1.11781
1.11922
1.11974
1.1202
1.12216
1.12789
1.12852
1.12933
1.13067
1.13183
1.13249
1.1327
1.13299
1.13365
1.13398
1.13445
1.13528
1.13751
1.1395
1.13996
1.14221
1.1432
1.14444
1.14467
1.14542
1.14602
1.14779
1.1508
1.15238
1.15283
1.15294
1.15539
1.15628
1.15633
1.1567
1.15734
1.15834
1.15982
1.16054
1.16119
1.16145
1.16171
1.16249
1.16389
1.16454
1.16503
1.16755
1.16861
1.16988
1.17001
1.17045
1.1705
1.17146
1.1721
1.17654
1.17663
1.17672
1.17703
1.17863
1.18175
1.18381
1.18518
1.18532
1.18554
1.18594
1.18596
1.18613
1.18621
1.18662
1.18747
1.18773
1.18774
1.18842
1.18995
1.19119
1.19388
1.19494
1.19528
1.19587
1.19778
1.19801
1.1989
1.19945
1.20115
1.20213
1.2029
1.20303
1.20339
1.20401
1.20417
1.20604
1.20655
1.20661
1.20743
1.20871
1.20873
1.20892
1.20928
1.20941
1.21211
1.21268
1.21403
1.21556
1.21649
1.21812
1.21817
1.21899
1.21925
1.21969
1.22003
1.22788
1.22835
1.22923
1.22947
1.22948
1.23043
1.23112
1.23162
1.23211
1.23235
1.2332
1.23329
1.23653
1.23672
1.23683
1.23774
1.23882
1.2396
1.24093
1.24126
1.24132
1.24163
1.24421
1.24437
1.24727
1.24981
1.25005
1.25192
1.25212
1.25237
1.25242
1.25365
1.25369
1.2539
1.25406
1.25452
1.25536
1.25598
1.25893
1.25946
1.26265
1.26384
1.26526
1.26593
1.26603
1.26613
1.26637
1.2675
1.26859
1.26862
1.26996
1.27032
1.27046
1.2734
1.27461
1.27466
1.27706
1.27736
1.27764
1.27968
1.28011
1.28103
1.28278
1.28414
1.28423
1.28535
1.28537
1.28572
1.28712
1.28959
1.29001
1.29106
1.29119
1.29209
1.29218
1.29226
1.29302
1.29615
1.29721
1.29798
1.29894
1.30264
1.30312
1.30411
1.30415
1.30633
1.30732
1.30913
1.31011
1.31082
1.31202
1.31207
1.31209
1.31386
1.31392
1.31421
1.3149
1.31546
1.31624
1.31646
1.31674
1.31775
1.31821
1.32041
1.32095
1.32098
1.32169
1.32222
1.32271
1.32303
1.32411
1.32701
1.3276
1.32818
1.32929
1.33043
1.33233
1.33538
1.3359
1.3375
1.33817
1.33889
1.33993
1.34012
1.34592
1.35048
1.35092
1.35133
1.35276
1.35403
1.35641
1.35719
1.35736
1.35738
1.35908
1.3592
1.35932
1.36025
1.36056
1.36088
1.36136
1.36165
1.36643
1.36712
1.3675
1.36809
1.36815
1.36884
1.36921
1.36964
1.37054
1.37144
1.37246
1.37402
1.37475
1.37563
1.37721
1.37806
1.37833
1.37951
1.38051
1.38061
1.3812
1.38162
1.38325
1.38438
1.38586
1.38714
1.38784
1.38932
1.39022
1.39063
1.39097
1.39108
1.39187
1.39194
1.39229
1.39271
1.39272
1.39291
1.39296
1.39394
1.3958
1.39857
1.39885
1.39886
1.3989
1.39909
1.4011
1.4014
1.40426
1.40664
1.40707
1.40779
1.40802
1.40804
1.40854
1.40928
1.40948
1.41202
1.41379
1.41588
1.41669
1.4171
1.42056
1.42229
1.42236
1.42241
1.42318
1.42626
1.42679
1.42787
1.42893
1.42916
1.43055
1.43249
1.43333
1.43395
1.43434
1.435
1.43651
1.43654
1.43715
1.44026
1.44074
1.44215
1.44229
1.44579
1.44594
1.44615
1.44745
1.44751
1.44798
1.45145
1.45161
1.45421
1.45487
1.45539
1.45649
1.45685
1.45685
1.45702
1.45885
1.4589
1.45945
1.46237
1.46285
1.46322
1.46371
1.46403
1.46407
1.46452
1.46536
1.46553
1.46563
1.46639
1.46752
1.46766
1.46794
1.46951
1.46966
1.47043
1.47191
1.47274
1.47786
1.47807
1.47907
1.48219
1.48435
1.48442
1.48577
1.48627
1.48653
1.48685
1.48696
1.48775
1.48996
1.49065
1.49088
1.49124
1.49201
1.493
1.49442
1.49479
1.49491
1.49504
1.49759
1.4977
1.49939
1.49978
1.50002
1.50062
1.50095
1.50161
1.5018
1.50213
1.50221
1.50341
1.5035
1.50395
1.50446
1.50453
1.50531
1.50725
1.51004
1.51357
1.51423
1.51535
1.51546
1.51595
1.51617
1.51689
1.5181
1.51854
1.51864
1.51942
1.52149
1.52317
1.52553
1.52618
1.52657
1.52742
1.52933
1.53107
1.53227
1.53271
1.53327
1.53493
1.53508
1.53776
1.53817
1.53921
1.53985
1.54015
1.54131
1.54182
1.542
1.54275
1.54277
1.54422
1.54546
1.54626
1.54674
1.54766
1.54889
1.54895
1.54903
1.55402
1.55583
1.55601
1.55611
1.55797
1.55797
1.55831
1.5599
1.56006
1.56139
1.562
1.56294
1.56481
1.56481
1.56534
1.56587
1.56588
1.56594
1.56629
1.57311
1.57376
1.57546
1.57668
1.57933
1.58074
1.58201
1.58268
1.58375
1.58433
1.58454
1.58638
1.58668
1.58747
1.58789
1.58856
1.58857
1.59112
1.59122
1.59207
1.59253
1.59436
1.59692
1.59779
1.6009
1.60091
1.60272
1.60279
1.60296
1.60578
1.60883
1.60887
1.60923
1.61156
1.61379
1.61478
1.61515
1.61592
1.61649
1.61917
1.62118
1.62406
1.62519
1.62923
1.62932
1.63099
1.63174
1.63258
1.63458
1.63473
1.63542
1.63601
1.6371
1.63813
1.63877
1.64065
1.64128
1.642
1.64267
1.64666
1.6501
1.65162
1.65183
1.65258
1.65521
1.6558
1.65683
1.65763
1.65779
1.65845
1.65902
1.65908
1.66003
1.66036
1.66379
1.66422
1.6646
1.66574
1.66602
1.6662
1.66646
1.66769
1.66848
1.67154
1.67212
1.67331
1.67411
1.67654
1.67685
1.67749
1.67939
1.67966
1.68069
1.6821
1.68249
1.68296
1.68527
1.68714
1.68829
1.68962
1.69006
1.69138
1.69372
1.69392
1.69411
1.69439
1.69528
1.69583
1.69595
1.69604
1.69666
1.69677
1.69782
1.69829
1.69843
1.69876
1.69877
1.70012
1.70079
1.70313
1.70388
1.70414
1.70424
1.7047
1.70615
1.70637
1.70766
1.70849
1.70918
1.71021
1.71088
1.71113
1.71663
1.71813
1.71863
1.72044
1.72112
1.72141
1.72173
1.72255
1.72382
1.72808
1.72835
1.7314
1.73241
1.7333
1.73387
1.7342
1.73451
1.73584
1.73597
1.73668
1.7372
1.74009
1.74029
1.74145
1.74211
1.74477
1.74663
1.74692
1.74956
1.74961
1.74988
1.75417
1.75533
1.75607
1.75623
1.75652
1.75761
1.75804
1.75816
1.75866
1.76036
1.76142
1.76242
1.76255
1.76365
1.76405
1.76446
1.76501
1.76706
1.76796
1.7701
1.77353
1.77371
1.77704
1.77713
1.77777
1.77782
1.77831
1.7804
1.78092
1.78134
1.78534
1.78557
1.78639
1.78654
1.7873
1.78761
1.78877
1.7888
1.79174
1.79259
1.79314
1.7934
1.7939
1.79414
1.79625
1.79742
1.80099
1.80183
1.80265
1.80446
1.80526
1.80598
1.8069
1.80744
1.80811
1.80822
1.81254
1.81304
1.81383
1.81495
1.81789
1.8182
1.81862
1.81897
1.8194
1.8211
1.82137
1.82357
1.82485
1.8266
1.8274
1.82879
1.82911
1.83089
1.83089
1.83131
1.83225
1.83228
1.83435
1.83527
1.83532
1.83657
1.83678
1.83678
1.83866
1.83899
1.8405
1.84078
1.84181
1.84211
1.84213
1.84265
1.84545
1.84573
1.84886
1.85189
1.85206
1.85379
1.85558
1.85745
1.85854
1.86125
1.86252
1.86345
1.86369
1.86478
1.86518
1.86612
1.86617
1.86651
1.86764
1.86811
1.86813
1.86865
1.86865
1.869
1.87294
1.87317
1.87404
1.8806
1.88061
1.88139
1.88442
1.88474
1.88492
1.88672
1.88733
1.88787
1.88878
1.88937
1.89037
1.89068
1.89078
1.89151
1.89187
1.89635
1.89637
1.90019
1.90066
1.90181
1.90212
1.90217
1.9043
1.90621
1.90683
1.90722
1.90917
1.91146
1.91175
1.91215
1.91261
1.91365
1.91517
1.91591
1.91602
1.9173
1.91747
1.9179
1.91811
1.92051
1.92054
1.92123
1.92135
1.92237
1.92264
1.92269
1.9241
1.92432
1.92499
1.92535
1.92568
1.92677
1.92727
1.9282
1.92886
1.9291
1.9292
1.92991
1.93044
1.93201
1.93368
1.93406
1.93702
1.93813
1.93825
1.93986
1.94024
1.94185
1.94218
1.94315
1.94336
1.94521
1.94571
1.94618
1.95066
1.95111
1.95348
1.95379
1.95521
1.95541
1.9569
1.95705
1.95715
1.95832
1.96007
1.96009
1.96047
1.96083
1.96298
1.96508
1.96528
1.96684
1.96829
1.96952
1.97248
1.97261
1.97364
1.97396
1.97456
1.97736
1.97807
1.97858
1.98064
1.98075
1.98234
1.98344
1.98371
1.98619
1.98646
1.98822
1.99006
1.99015
1.99196
1.99438
1.99456
1.99544
1.99739
1.99763
1.99866
1.99968
2.00108
2.00158
2.00177
2.00218
2.00354
2.00409
2.00423
2.00462
2.00475
2.00536
2.00686
2.00688
2.00703
2.00725
2.00986
2.01186
2.01364
2.01392
2.0145
2.01507
2.01555
2.01568
2.01982
2.01985
2.02175
2.02282
2.02331
2.02355
2.02396
2.0246
2.02468
2.02732
2.02832
2.02841
2.03017
2.03058
2.0312
2.03188
2.03947
2.04138
2.04292
2.04558
2.04721
2.04866
2.05031
2.05131
2.05212
2.05345
2.05526
2.05563
2.05995
2.0605
2.06272
2.06302
2.06471
2.06633
2.06978
2.0705
2.07096
2.07212
2.07242
2.07579
2.07692
2.07829
2.07955
2.08001
2.08037
2.08138
2.08472
2.08525
2.08545
2.08697
2.08855
2.09029
2.09101
2.09154
2.0924
2.09256
2.09432
2.09473
2.09492
2.09511
2.09546
2.0959
2.09646
2.09663
2.09722
2.09772
2.09819
2.09872
2.09875
2.10062
2.10073
2.10136
2.10206
2.10207
2.10288
2.10362
2.10667
2.10777
2.10831
2.1092
2.1099
2.10999
2.11005
2.11045
2.11206
2.11267
2.11291
2.1153
2.11537
2.11558
2.11601
2.11601
2.12087
2.12166
2.12322
2.12378
2.12477
2.12541
2.1257
2.12592
2.1264
2.12787
2.12877
2.12957
2.12966
2.13082
2.1311
2.13257
2.13308
2.13342
2.13361
2.13383
2.13611
2.138
2.1383
2.141
2.14349
2.14373
2.14503
2.14643
2.14845
2.14867
2.15143
2.15148
2.15323
2.15365
2.15454
2.1561
2.15748
2.15807
2.15878
2.16027
2.16391
2.16587
2.16667
2.16681
2.16848
2.16914
2.17026
2.17057
2.17061
2.17106
2.17174
2.17256
2.17445
2.17541
2.17633
2.17684
2.17726
2.17809
2.17899
2.17963
2.18124
2.18126
2.18282
2.18411
2.18554
2.18582
2.18588
2.18627
2.18633
2.18645
2.18698
2.187
2.18738
2.18839
2.18859
2.18887
2.189
2.18919
2.19087
2.19219
2.19329
2.19331
2.19714
2.19814
2.19953
2.19996
2.20028
2.20065
2.20067
2.20229
2.20244
2.20261
2.20633
2.20851
2.20897
2.21145
2.21189
2.2119
2.21267
2.2138
2.21386
2.21396
2.21571
2.21603
2.21746
2.21923
2.21975
2.22212
2.22279
2.22429
2.22452
2.22543
2.22587
2.22599
2.22792
2.2295
2.23027
2.23244
2.23272
2.23274
2.23317
2.23474
2.23621
2.23624
2.23636
2.23825
2.23943
2.24036
2.24134
2.24323
2.24436
2.24688
2.24689
2.24968
2.25141
2.25267
2.25436
2.25504
2.25624
2.2566
2.25675
2.25694
2.25721
2.25825
2.25921
2.25968
2.26186
2.26194
2.26376
2.26461
2.26653
2.26661
2.26746
2.26844
2.2702
2.27063
2.27113
2.27148
2.27152
2.2725
2.27377
2.27527
2.27653
2.2774
2.27782
2.27964
2.28097
2.28129
2.28249
2.28327
2.28449
2.28588
2.2868
2.28749
2.2896
2.2905
2.2913
2.29141
2.29189
2.29205
2.29385
2.29447
2.29486
2.29531
2.29628
2.29656
2.29764
2.29789
2.29847
2.30034
2.30094
2.30167
2.30388
2.30416
2.3048
2.30664
2.30773
2.30813
2.30848
2.30858
2.30967
2.31068
2.31136
2.31197
2.31236
2.31285
2.31434
2.3167
2.31677
2.31711
2.31886
2.32014
2.32044
2.3205
2.32206
2.32259
2.32353
2.3244
2.32488
2.33014
2.3303
2.33106
2.3315
2.33205
2.33259
2.33379
2.33475
2.33551
2.33619
2.33817
2.33825
2.34361
2.34377
2.34383
2.34451
2.34761
2.34771
2.34795
2.34979
2.35173
2.35278
2.35298
2.35355
2.35362
2.3542
2.35549
2.35585
2.35592
2.35606
2.35609
2.35664
2.35714
2.35747
2.35769
2.35798
2.35828
2.35926
2.35975
2.36038
2.36133
2.36134
2.36168
2.362
2.36206
2.36286
2.36292
2.36325
2.36403
2.36472
2.36837
2.36955
2.36981
2.37027
2.37211
2.37284
2.37333
2.37611
2.37654
2.37793
2.37854
2.37859
2.37936
2.37944
2.3799
2.38161
2.38228
2.38235
2.38243
2.38443
2.38528
2.38674
2.38698
2.38739
2.38827
2.38995
2.39096
2.39216
2.39348
2.39549
2.3961
2.39705
2.39819
2.3984
2.39925
2.39992
2.40049
2.40128
2.402
2.4046
2.41019
2.41069
2.41096
2.41282
2.41297
2.413
2.41347
2.41418
2.41419
2.41711
2.41758
2.41904
2.41942
2.42038
2.42042
2.42102
2.42143
2.4216
2.42276
2.42532
2.42568
2.42654
2.42677
2.427
2.42711
2.42729
2.42802
2.42836
2.42942
2.43206
2.43373
2.43407
2.43436
2.43572
2.43597
2.43679
2.43712
2.43809
2.43927
2.43995
2.44002
2.442
2.44245
2.44272
2.44274
2.44342
2.44645
2.44719
2.44794
2.45088
2.45172
2.45505
2.45574
2.45762
2.45785
2.45807
2.45866
2.46259
2.46655
2.46814
2.46842
2.46947
2.47012
2.47075
2.4727
2.47294
2.47588
2.47641
2.47733
2.47742
2.48098
2.48105
2.48121
2.48142
2.483
2.48325
2.48414
2.48668
2.48684
2.48732
2.48766
2.4885
2.48932
2.49318
2.49516
2.49549
2.49576
2.4968
2.49728
2.49774
2.49844
2.49973
2.50024
2.50089
2.50115
2.50149
2.5015
2.50209
2.50236
2.50326
2.50391
2.50393
2.50534
2.50776
2.50856
2.50914
2.51085
2.51087
2.51123
2.51194
2.5125
2.51288
2.51471
2.51504
2.51583
2.51721
2.51834
2.51983
2.52078
2.52538
2.52575
2.52656
2.52889
2.52961
2.53195
2.53588
2.5363
2.53737
2.53984
2.53986
2.53994
2.54397
2.54399
2.54407
2.54608
2.54717
2.54859
2.54933
2.54971
2.55078
2.55108
2.55154
2.55319
2.55615
2.55624
2.55641
2.55662
2.55688
2.55713
2.55738
2.55754
2.55981
2.56078
2.56122
2.56122
2.56207
2.56628
2.5704
2.57098
2.57277
2.57506
2.57762
2.57924
2.58166
2.58205
2.58238
2.58463
2.5849
2.58534
2.58706
2.58748
2.58803
2.58803
2.58856
2.59141
2.5923
2.59244
2.59271
2.59433
2.59745
2.6001
2.60111
2.60185
2.60224
2.60263
2.6029
2.60412
2.60436
2.6054
2.60592
2.60633
2.60795
2.6083
2.60872
2.60899
2.60977
2.61036
2.61308
2.61324
2.61367
2.6153
2.61562
2.61654
2.61662
2.61736
2.62022
2.62198
2.62222
2.62342
2.62409
2.62424
2.62446
2.62578
2.6264
2.62665
2.62686
2.62698
2.62823
2.62984
2.63132
2.63267
2.63298
2.63374
2.63724
2.63749
2.6378
2.63818
2.63863
2.63976
2.64009
2.64061
2.64111
2.64155
2.64155
2.64168
2.64348
2.64536
2.64614
2.64628
2.64831
2.65056
2.65261
2.65278
2.65932
2.66062
2.66075
2.66128
2.66473
2.66573
2.66574
2.66647
2.66668
2.67102
2.67127
2.6749
2.67494
2.67513
2.67909
2.68012
2.68072
2.68286
2.68441
2.68602
2.68655
2.68666
2.68853
2.68873
2.68894
2.68902
2.68903
2.68951
2.69005
2.69008
2.6901
2.69237
2.6924
2.69261
2.6931
2.69357
2.69405
2.69443
2.69536
2.69572
2.69589
2.69622
2.69707
2.6984
2.699
2.70096
2.70254
2.70343
2.70343
2.70461
2.70647
2.70647
2.70959
2.71063
2.71231
2.71335
2.71393
2.71497
2.71501
2.71529
2.71596
2.71687
2.71878
2.71905
2.71994
2.72011
2.72034
2.72277
2.72458
2.72474
2.72608
2.72655
2.72932
2.72999
2.73127
2.73281
2.73504
2.73598
2.73713
2.73727
2.73768
2.73818
2.7391
2.73959
2.73996
2.74236
2.74353
2.7439
2.7443
2.74513
2.74558
2.74642
2.74646
2.74984
2.75071
2.75145
2.75184
2.75224
2.7548
2.75497
2.75677
2.75686
2.75794
2.76031
2.76117
2.76225
2.76425
2.76493
2.76629
2.7669
2.76696
2.76706
2.76934
2.76938
2.77127
2.77164
2.77215
2.77224
2.77322
2.77342
2.77374
2.77447
2.7774
2.77783
2.77791
2.77811
2.77991
2.78062
2.78089
2.78136
2.78143
2.78152
2.78792
2.7891
2.78972
2.79092
2.79147
2.792
2.79215
2.79234
2.79372
2.79398
2.79411
2.79535
2.7954
2.79547
2.79648
2.79751
2.79757
2.79816
2.80005
2.80111
2.80219
2.8042
2.80423
2.80706
2.80716
2.80752
2.80823
2.80827
2.80974
2.81067
2.81152
2.81191
2.81245
2.81302
2.81345
2.81471
2.81525
2.81782
2.81795
2.8214
2.82141
2.82183
2.82207
2.82244
2.82766
2.82821
2.82931
2.82941
2.82981
2.83275
2.83304
2.83326
2.83427
2.83606
2.83858
2.83903
2.84042
2.84251
2.84388
2.84413
2.84478
2.84631
2.84753
2.84925
2.85042
2.85052
2.85075
2.8526
2.85373
2.85449
2.85559
2.85791
2.85847
2.85903
2.85924
2.85925
2.86046
2.86077
2.86188
2.86253
2.86262
2.86474
2.86569
2.86756
2.86763
2.8693
2.87041
2.87049
2.87078
2.87159
2.87208
2.87254
2.87413
2.87484
2.87613
2.87663
2.87736
2.87749
2.87908
2.88052
2.88222
2.88479
2.88667
2.88671
2.8874
2.88914
2.88958
2.88963
2.89547
2.89646
2.89758
2.89998
2.90149
2.90163
2.90242
2.90242
2.90457
2.90585
2.90751
2.90918
2.90946
2.90946
2.90973
2.91215
2.91532
2.91628
2.91658
2.91934
2.91954
2.9207
2.92148
2.92213
2.92236
2.92268
2.92287
2.92365
2.92778
2.92854
2.92863
2.9292
2.92969
2.93105
2.93125
2.93144
2.932
2.93387
2.93485
2.93491
2.9355
2.93654
2.93689
2.93773
2.938
2.93833
2.9393
2.93969
2.94036
2.94068
2.94243
2.94293
2.94295
2.94374
2.94521
2.94594
2.94711
2.95205
2.95323
2.95399
2.95456
2.955
2.95518
2.95575
2.95587
2.9566
2.95696
2.95981
2.96201
2.96296
2.96439
2.96558
2.96649
2.96691
2.96904
2.96982
2.97005
2.971
2.97198
2.97529
2.9755
2.97646
2.97798
2.97904
2.97938
2.97946
2.98011
2.98064
2.98174
2.98309
2.98636
2.98834
2.98983
2.99015
2.99268
2.9943
2.99587
3.00171
3.00194
3.00205
3.00453
3.0047
3.00486
3.00589
3.00659
3.00903
3.01014
3.01047
3.01064
3.01071
3.01207
3.01313
3.01343
3.01426
3.01513
3.01619
3.01807
3.01835
3.02012
3.02047
3.02086
3.02167
3.02178
3.0218
3.02263
3.02449
3.02534
3.02908
3.02923
3.0302
3.03139
3.032
3.03204
3.03278
3.03321
3.03657
3.03752
3.03766
3.03851
3.0395
3.03981
3.04071
3.04071
3.04328
3.04355
3.04515
3.04568
3.04643
3.04808
3.04823
3.04947
3.05031
3.05039
3.05163
3.05317
3.05563
3.05613
3.05661
3.06006
3.06028
3.06102
3.06139
3.06163
3.06179
3.06228
3.06237
3.063
3.06311
3.06327
3.06493
3.06708
3.06709
3.06732
3.06756
3.06838
3.06874
3.06913
3.06945
3.07205
3.07262
3.07334
3.07413
3.07503
3.07554
3.07607
3.07694
3.08025
3.08086
3.0813
3.08194
3.08266
3.08296
3.08478
3.08632
3.08641
3.08672
3.08681
3.08924
3.08952
3.08961
3.09024
3.09133
3.09206
3.09294
3.09427
3.09441
3.09563
3.09685
3.09968
3.10091
3.1019
3.10503
3.10504
3.10505
3.10527
3.10581
3.10587
3.1094
3.11025
3.11088
3.11093
3.11127
3.1116
3.11224
3.11271
3.11281
3.11392
3.114
3.11578
3.11598
3.11933
3.11961
3.12017
3.12134
3.12153
3.12167
3.12183
3.12268
3.12327
3.12406
3.12436
3.12835
3.12908
3.12978
3.13058
3.13154
3.13168
3.13221
3.1337
3.13374
3.13394
3.13778
3.13841
3.13881
3.13965
3.13967
3.14251
3.14336
3.14396
3.14399
3.14515
3.14573
3.14614
3.14629
3.14639
3.14729
3.14815
3.1483
3.14906
3.15067
3.15108
3.15168
3.1521
3.15211
3.15298
3.15367
3.15407
3.15464
3.15561
3.15572
3.15574
3.15865
3.15866
3.15972
3.16123
3.16252
3.16291
3.16351
3.16477
3.16509
3.16625
3.16723
3.16778
3.16933
3.1718
3.17583
3.1776
3.17919
3.18039
3.18212
3.18417
3.18478
3.18586
3.18639
3.18694
3.18708
3.18828
3.19037
3.19054
3.19201
3.19255
3.19385
3.19419
3.19596
3.19747
3.19781
3.20083
3.20097
3.20104
3.20132
3.20235
3.20339
3.20375
3.20388
3.20507
3.20556
3.20745
3.20902
3.21044
3.21109
3.21115
3.21156
3.21308
3.21357
3.21373
3.2138
3.21403
3.21639
3.21794
3.22086
3.22232
3.22239
3.22243
3.22385
3.22424
3.22457
3.22885
3.22916
3.23016
3.23171
3.23378
3.2353
3.23599
3.23651
3.23653
3.23684
3.23798
3.23809
3.23883
3.23885
3.24096
3.24252
3.24286
3.24361
3.24503
3.24946
3.24995
3.25094
3.25204
3.25217
3.2535
3.2539
3.25451
3.25467
3.25625
3.25819
3.2606
3.26148
3.26473
3.26528
3.26667
3.26707
3.26865
3.26914
3.2707
3.27079
3.27524
3.27639
3.27651
3.27679
3.27741
3.27816
3.27854
3.27986
3.28101
3.28169
3.28292
3.28457
3.28607
3.2869
3.28725
3.28761
3.28761
3.28979
3.29026
3.29188
3.29283
3.2935
3.2943
3.29471
3.2948
3.29691
3.29906
3.2997
3.30262
3.30298
3.30333
3.30571
3.30578
3.30854
3.31048
3.31065
3.31082
3.31091
3.31122
3.31283
3.31325
3.31399
3.31442
3.31462
3.3148
3.31505
3.31775
3.31868
3.31894
3.32022
3.32041
3.32116
3.3217
3.32219
3.32252
3.32298
3.32343
3.32357
3.324
3.324
3.32449
3.32523
3.32668
3.32731
3.32873
3.32895
3.329
3.32992
3.33203
3.3345
3.33533
3.33553
3.33653
3.33667
3.33898
3.33953
3.33956
3.34016
3.34068
3.34101
3.34231
3.34285
3.34477
3.3448
3.34485
3.34494
3.34593
3.34694
3.34897
3.35301
3.35317
3.35576
3.35769
3.35784
3.35814
3.3584
3.36189
3.36194
3.36216
3.3637
3.3652
3.36579
3.36584
3.36586
3.36607
3.36665
3.36796
3.36962
3.37091
3.37192
3.37268
3.37338
3.37349
3.37423
3.37489
3.37512
3.37558
3.37671
3.37778
3.37837
3.37999
3.38085
3.38097
3.38318
3.38325
3.3842
3.38434
3.38435
3.38572
3.38695
3.38697
3.38821
3.38849
3.38882
3.38956
3.39024
3.39061
3.39199
3.39265
3.39273
3.39331
3.39347
3.39448
3.39576
3.39669
3.39699
3.39764
3.39809
3.40018
3.40058
3.40095
3.40501
3.40589
3.40665
3.40696
3.40698
3.41121
3.41153
3.41274
3.41401
3.41408
3.41529
3.41695
3.41841
3.41888
3.4265
3.42687
3.42712
3.42823
3.43149
3.4324
3.43249
3.43322
3.43423
3.43465
3.43569
3.43639
3.43825
3.43909
3.43919
3.44213
3.4432
3.44641
3.44865
3.44978
3.45101
3.45159
3.45206
3.4535
3.45423
3.45465
3.45573
3.45593
3.45727
3.45792
3.45813
3.45872
3.4595
3.45996
3.4604
3.46042
3.46072
3.46177
3.46317
3.46549
3.46897
3.47036
3.47067
3.47308
3.47335
3.47367
3.47574
3.47702
3.47868
3.47901
3.47962
3.48219
3.48231
3.48287
3.48379
3.4838
3.48466
3.4913
3.49606
3.49889
3.50048
3.50169
3.50337
3.50384
3.50596
3.50641
3.5078
3.50782
3.50787
3.50826
3.50845
3.51045
3.51215
3.51271
3.51413
3.51455
3.51455
3.51529
3.51543
3.51554
3.51608
3.51641
3.51662
3.5178
3.51831
3.5187
3.52327
3.52413
3.52473
3.52532
3.52751
3.52791
3.52796
3.52923
3.52983
3.53185
3.53206
3.53344
3.53432
3.53504
3.53716
3.53976
3.54054
3.54076
3.54086
3.5409
3.54252
3.54325
3.5441
3.54556
3.54722
3.54781
3.54814
3.54898
3.55159
3.55296
3.55316
3.55349
3.55798
3.55875
3.55951
3.56117
3.56179
3.56298
3.565
3.56504
3.5687
3.5695
3.57077
3.57235
3.57248
3.57295
3.57352
3.5743
3.57481
3.57634
3.57752
3.57803
3.57848
3.57896
3.58029
3.58144
3.58158
3.58196
3.5836
3.5847
3.58508
3.58836
3.58916
3.58934
3.58976
3.59003
3.59226
3.59385
3.59404
3.59417
3.59507
3.59514
3.59696
3.59731
3.59774
3.5984
3.59893
3.59916
3.59958
3.59973
3.59973
3.60057
3.60071
3.60119
3.60233
3.60311
3.60334
3.60549
3.60553
3.60594
3.60658
3.61081
3.61122
3.61149
3.61226
3.61344
3.61651
3.61768
3.62109
3.62123
3.62384
3.62485
3.62609
3.62635
3.62635
3.62692
3.62777
3.62893
3.63017
3.63125
3.63355
3.63474
3.63525
3.63576
3.63716
3.63784
3.63922
3.64037
3.64055
3.64186
3.64356
3.64391
3.64517
3.64558
3.64897
3.64975
3.65284
3.65529
3.65589
3.6566
3.65735
3.66122
3.66128
3.66303
3.66362
3.66365
3.66372
3.66498
3.66558
3.66692
3.66794
3.66797
3.66815
3.66989
3.67193
3.67196
3.67338
3.67442
3.67498
3.67649
3.67695
3.67924
3.68042
3.68082
3.68089
3.68091
3.68244
3.68291
3.68356
3.68364
3.6854
3.68552
3.68894
3.6916
3.69195
3.6935
3.69454
3.69545
3.69578
3.69866
3.69875
3.70149
3.70432
3.70494
3.70812
3.71023
3.71063
3.71115
3.71128
3.7113
3.71184
3.7142
3.71476
3.71876
3.72045
3.72174
3.72273
3.72382
3.72567
3.72767
3.72902
3.73186
3.73197
3.732
3.73277
3.73349
3.73505
3.73569
3.73592
3.73602
3.73695
3.73789
3.73829
3.73936
3.73963
3.74238
3.74404
3.74552
3.74634
3.74648
3.7473
3.74741
3.74761
3.75156
3.7519
3.75307
3.75321
3.75395
3.75883
3.76011
3.76049
3.76082
3.76293
3.76296
3.76381
3.76635
3.76643
3.76694
3.76822
3.76991
3.77103
3.77244
3.77428
3.77441
3.7754
3.77656
3.77809
3.77944
3.77977
3.78096
3.78219
3.7822
3.78249
3.78366
3.78413
3.78417
3.78447
3.78524
3.78643
3.7876
3.78869
3.78872
3.78934
3.78954
3.78981
3.78991
3.79028
3.79086
3.79161
3.79264
3.79354
3.79455
3.79523
3.79658
3.79679
3.79728
3.7982
3.79836
3.79933
3.80123
3.8015
3.80332
3.80358
3.80456
3.80815
3.80892
3.8099
3.81005
3.81214
3.81266
3.81365
3.81541
3.81694
3.81773
3.81939
3.82027
3.82345
3.82441
3.82476
3.82511
3.82585
3.82768
3.82784
3.82796
3.82807
3.82877
3.82935
3.83097
3.83135
3.8321
3.83284
3.83296
3.83365
3.83575
3.83619
3.83741
3.83849
3.83926
3.84005
3.84141
3.84208
3.84397
3.84444
3.84517
3.84767
3.8507
3.85123
3.85145
3.85243
3.85737
3.86034
3.86212
3.86276
3.86328
3.86679
3.86879
3.86981
3.86991
3.87022
3.87025
3.87281
3.87368
3.87497
3.87512
3.87632
3.87639
3.87661
3.87731
3.87735
3.87756
3.87802
3.87807
3.87869
3.87875
3.87881
3.87904
3.88405
3.88574
3.89206
3.89218
3.8926
3.89273
3.89303
3.89471
3.89551
3.89563
3.89641
3.89671
3.89928
3.89931
3.90152
3.90237
3.9029
3.90708
3.90827
3.91122
3.91236
3.91244
3.91527
3.91679
3.91732
3.91748
3.91749
3.91968
3.92035
3.92128
3.92312
3.92313
3.92566
3.92576
3.92662
3.92693
3.92707
3.92719
3.92721
3.93052
3.93076
3.93088
3.93149
3.93184
3.93404
3.93424
3.9358
3.93631
3.9367
3.93709
3.93937
3.94122
3.94124
3.94274
3.94298
3.94316
3.9433
3.94484
3.94622
3.94739
3.94865
3.94908
3.9498
3.95014
3.95066
3.95085
3.95163
3.95358
3.95382
3.95395
3.9547
3.95666
3.96171
3.96328
3.9637
3.9652
3.96565
3.96751
3.96755
3.96795
3.96814
3.96888
3.9715
3.97317
3.97367
3.97368
3.97425
3.97435
3.97466
3.97483
3.97494
3.97714
3.98032
3.98049
3.98132
3.98198
3.98207
3.98352
3.98572
3.98606
3.98735
3.98983
3.98986
3.99095
3.992
3.99205
3.99295
3.99313
3.99626
3.99679
3.99755
3.99766
3.99785
3.9984
3.99887
3.99922
4.0048
4.00622
4.00728
4.0075
4.01009
4.01176
4.01311
4.0155
4.0155
4.01557
4.01902
4.02261
4.02269
4.0245
4.02468
4.02508
4.02525
4.02644
4.02673
4.02709
4.02732
4.0301
4.03119
4.03124
4.03264
4.03432
4.03535
4.03583
4.03621
4.03655
4.03732
4.03744
4.03818
4.03837
4.04044
4.04346
4.04524
4.04563
4.0461
4.04691
4.0481
4.04905
4.0499
4.05087
4.05281
4.05369
4.05456
4.05466
4.05478
4.05598
4.0592
4.06003
4.06064
4.06119
4.06306
4.06309
4.06339
4.06351
4.06402
4.06492
4.06511
4.06546
4.06553
4.06567
4.06737
4.06876
4.07177
4.07218
4.07805
4.07806
4.07919
4.0798
4.08033
4.08093
4.08161
4.08185
4.08311
4.08327
4.08484
4.08746
4.08874
4.08978
4.09044
4.09135
4.09179
4.10007
4.10067
4.10288
4.1052
4.10562
4.10642
4.10717
4.10744
4.10788
4.1083
4.11057
4.11066
4.11086
4.11143
4.11293
4.11347
4.11438
4.11442
4.11513
4.11646
4.11738
4.1219
4.12224
4.12227
4.12433
4.12465
4.12499
4.1252
4.12547
4.12587
4.12629
4.12777
4.12852
4.12952
4.13408
4.13693
4.13715
4.13912
4.13939
4.14239
4.14249
4.14293
4.14414
4.14471
4.14494
4.14766
4.14782
4.14882
4.15037
4.15244
4.15246
4.15477
4.15644
4.15772
4.15885
4.15913
4.16122
4.16246
4.16265
4.16323
4.16496
4.16796
4.16941
4.16942
4.17169
4.17213
4.17323
4.17337
4.17492
4.17966
4.17983
4.17985
4.17986
4.18118
4.18292
4.18336
4.18466
4.18476
4.18498
4.18548
4.18715
4.18743
4.18794
4.18868
4.18981
4.1908
4.1918
4.19493
4.19509
4.19613
4.19626
4.19672
4.19789
4.19813
4.20174
4.20356
4.20457
4.2047
4.20484
4.20553
4.20576
4.20632
4.20701
4.20751
4.208
4.20807
4.20813
4.20831
4.20846
4.21008
4.21138
4.21175
4.21198
4.21211
4.21238
4.21457
4.21526
4.21529
4.2159
4.21747
4.2179
4.21845
4.21857
4.21912
4.22001
4.22056
4.2206
4.22105
4.22157
4.22233
4.22402
4.22439
4.22447
4.22611
4.22612
4.22714
4.22727
4.22905
4.22922
4.23085
4.23094
4.23143
4.2318
4.23221
4.23379
4.23494
4.23592
4.23599
4.24236
4.24422
4.24433
4.2453
4.24566
4.24638
4.24709
4.24715
4.24755
4.24774
4.25132
4.2516
4.25314
4.25697
4.25786
4.25798
4.25856
4.25875
4.25991
4.26014
4.26344
4.26514
4.26579
4.26683
4.26714
4.26758
4.26959
4.26983
4.2728
4.27336
4.27592
4.27631
4.2777
4.27845
4.27868
4.27877
4.27893
4.27923
4.281
4.2813
4.28134
4.28269
4.28271
4.28317
4.28365
4.28522
4.28592
4.28604
4.28648
4.28662
4.28718
4.28758
4.2876
4.29211
4.2929
4.29348
4.29377
4.29456
4.29526
4.29687
4.29727
4.29737
4.29968
4.29987
4.29995
4.30048
4.30175
4.30186
4.30263
4.3038
4.30431
4.30436
4.30568
4.30627
4.30769
4.3127
4.31312
4.31485
4.31529
4.31553
4.31602
4.31861
4.31891
4.32075
4.32099
4.32486
4.32563
4.3267
4.32681
4.32719
4.32726
4.32736
4.32921
4.32961
4.33188
4.33423
4.33444
4.33497
4.33564
4.33927
4.34147
4.34267
4.34269
4.34414
4.34415
4.34426
4.34457
4.34484
4.34577
4.3467
4.34674
4.34703
4.34859
4.34924
4.35243
4.35281
4.3531
4.35399
4.35446
4.35455
4.35495
4.35625
4.3567
4.35704
4.3591
4.35954
4.36019
4.36062
4.36085
4.36147
4.36226
4.36303
4.3631
4.36362
4.36454
4.36638
4.37105
4.37171
4.37203
4.37204
4.37235
4.3724
4.37263
4.37538
4.3764
4.3772
4.37867
4.37877
4.37907
4.37918
4.38009
4.38038
4.38044
4.38342
4.38369
4.38426
4.38505
4.38554
4.3864
4.38699
4.38714
4.38811
4.38818
4.38826
4.38851
4.38865
4.38886
4.38935
4.39081
4.39189
4.392
4.39258
4.39258
4.3929
4.39458
4.39483
4.3956
4.3977
4.39898
4.40228
4.40258
4.40488
4.40496
4.4055
4.40587
4.40628
4.40682
4.40789
4.40915
4.41107
4.4125
4.41511
4.41959
4.42068
4.42142
4.42297
4.42297
4.42345
4.42471
4.42535
4.42663
4.42789
4.42842
4.42912
4.43198
4.43238
4.4341
4.43456
4.4365
4.4386
4.43863
4.43918
4.44
4.44126
4.44183
4.44196
4.44316
4.44325
4.44409
4.44412
4.44601
4.44858
4.44881
4.45584
4.4568
4.45858
4.45861
4.4594
4.46014
4.46027
4.46047
4.46077
4.46082
4.46273
4.46311
4.46471
4.47354
4.4765
4.47716
4.47717
4.47871
4.47886
4.48022
4.48025
4.48239
4.48292
4.48334
4.48457
4.48848
4.48914
4.48964
4.49011
4.49018
4.49185
4.49339
4.49384
4.49398
4.49498
4.49563
4.49792
4.49825
4.49839
4.49853
4.49959
4.49961
4.50042
4.50047
4.50196
4.50217
4.50325
4.50464
4.50523
4.50597
4.5066
4.50933
4.51105
4.51227
4.51396
4.51399
4.51453
4.51528
4.51638
4.51972
4.5202
4.52099
4.52209
4.52374
4.52676
4.52679
4.52697
4.52832
4.53121
4.53197
4.53442
4.53507
4.5363
4.53655
4.53773
4.53795
4.53956
4.53961
4.54199
4.54264
4.54398
4.54413
4.54455
4.54469
4.54539
4.5456
4.54795
4.54843
4.54871
4.54889
4.55063
4.55134
4.5519
4.55282
4.55302
4.55303
4.55407
4.55471
4.55946
4.55952
4.56008
4.56169
4.56222
4.5634
4.56672
4.56705
4.5672
4.56734
4.56769
4.56887
4.56973
4.56981
4.56988
4.57034
4.5718
4.57202
4.5736
4.57759
4.578
4.58072
4.58078
4.58111
4.58217
4.58316
4.58594
4.58606
4.58699
4.58876
4.59269
4.59381
4.59598
4.59625
4.59924
4.60172
4.60346
4.60387
4.60412
4.60418
4.60581
4.60704
4.60757
4.60905
4.60919
4.60989
4.61308
4.61397
4.61439
4.61596
4.61716
4.61805
4.61885
4.62106
4.62503
4.62519
4.62697
4.62783
4.62816
4.62831
4.62927
4.63056
4.63073
4.63107
4.63322
4.63466
4.63577
4.63614
4.63798
4.63812
4.63973
4.63992
4.6415
4.64185
4.64267
4.64289
4.64389
4.64625
4.64641
4.6467
4.64722
4.64753
4.64829
4.64944
4.64955
4.65004
4.65011
4.65054
4.65158
4.65197
4.6521
4.65349
4.65411
4.65526
4.65554
4.65661
4.65802
4.65894
4.65944
4.66195
4.6622
4.66253
4.6632
4.66412
4.66477
4.6651
4.66554
4.66638
4.66721
4.6706
4.67067
4.6711
4.6713
4.67647
4.67694
4.67851
4.67857
4.67877
4.67934
4.67939
4.67991
4.6823
4.6844
4.68612
4.68817
4.68837
4.6912
4.69194
4.69263
4.69342
4.6938
4.69531
4.69557
4.69635
4.69667
4.69791
4.69945
4.70052
4.70069
4.70201
4.70221
4.70337
4.70361
4.70453
4.70471
4.70476
4.70706
4.70848
4.70849
4.70864
4.70923
4.71164
4.71239
4.71292
4.71316
4.71337
4.71583
4.7192
4.71969
4.72074
4.72461
4.72506
4.72516
4.72664
4.72749
4.72902
4.72909
4.73102
4.7316
4.73204
4.7325
4.73356
4.73378
4.73527
4.73804
4.7382
4.7387
4.73965
4.74042
4.74137
4.74241
4.74526
4.74554
4.74561
4.74592
4.74604
4.74931
4.74971
4.74972
4.7511
4.75159
4.75315
4.75371
4.75378
4.75492
4.75577
4.75603
4.75784
4.75844
4.76059
4.7608
4.76086
4.76118
4.76276
4.76344
4.76516
4.76747
4.76845
4.7691
4.7707
4.77165
4.77227
4.77348
4.77466
4.77638
4.77668
4.77801
4.78082
4.78154
4.78192
4.7828
4.78293
4.78343
4.78531
4.78561
4.78837
4.79154
4.79218
4.79272
4.79312
4.79449
4.7954
4.79553
4.79622
4.79801
4.79855
4.7992
4.80031
4.80054
4.80148
4.80219
4.80287
4.80311
4.80465
4.80466
4.805
4.80623
4.80648
4.80681
4.80729
4.80775
4.80798
4.8095
4.81099
4.81156
4.81213
4.81426
4.81531
4.81652
4.81864
4.81982
4.82119
4.8219
4.82194
4.82221
4.82255
4.82344
4.82377
4.8245
4.82502
4.82584
4.82597
4.82606
4.82775
4.82964
4.82974
4.83114
4.83132
4.83211
4.83432
4.83523
4.83539
4.83557
4.83562
4.83568
4.83635
4.83785
4.83805
4.83972
4.84255
4.84376
4.84417
4.84427
4.84459
4.84637
4.84759
4.84769
4.84808
4.84835
4.85052
4.85069
4.85084
4.85213
4.8534
4.85353
4.85396
4.85462
4.85482
4.85483
4.85745
4.85891
4.85988
4.85998
4.86012
4.86051
4.86055
4.86126
4.86129
4.86193
4.86421
4.86589
4.86757
4.86886
4.87144
4.87319
4.87319
4.87487
4.87735
4.87818
4.88191
4.88221
4.88342
4.88515
4.88544
4.88687
4.88691
4.8877
4.88797
4.88926
4.88965
4.89199
4.8936
4.89548
4.89582
4.89582
4.89696
4.89723
4.89741
4.89857
4.89934
4.89967
4.90053
4.90172
4.90234
4.90686
4.90766
4.90785
4.90796
4.9084
4.91162
4.91278
4.91325
4.91655
4.91838
4.9201
4.9202
4.92084
4.92099
4.92154
4.92287
4.92341
4.92366
4.92394
4.92436
4.92467
4.92729
4.92785
4.92794
4.9313
4.93136
4.93197
4.9322
4.93249
4.93398
4.93568
4.94251
4.94427
4.9459
4.94846
4.94978
4.95094
4.95339
4.9547
4.95742
4.95783
4.95812
4.95857
4.95863
4.95869
4.95982
4.96245
4.96318
4.96593
4.96807
4.96956
4.96979
4.97012
4.97038
4.97082
4.97165
4.97169
4.97193
4.97214
4.97325
4.97369
4.97467
4.97558
4.97784
4.9797
4.97978
4.98
4.9806
4.98067
4.98137
4.9821
4.98304
4.98526
4.98598
4.98708
4.98784
4.98806
4.9887
4.98879
4.99068
4.9914
4.99188
4.9928
4.99391
