-4.57672
-3.38818
-3.36885
-2.50358
-2.22905
-2.21754
-2.02413
-1.90617
-1.69932
-1.64604
-1.62226
-1.61403
-1.39387
-1.36162
-1.35148
-1.30197
-1.24749
-1.23671
-1.21865
-1.21751
-1.18638
-1.18089
-1.16066
-1.13824
-1.09354
-1.08794
-1.08045
-1.07456
-1.05966
-1.03542
-1.02366
-1.01717
-0.970397
-0.963575
-0.941126
-0.910619
-0.90737
-0.89696
-0.894772
-0.855548
-0.844485
-0.814145
-0.805534
-0.759026
-0.729737
-0.72489
-0.706359
-0.677753
-0.677413
-0.627709
-0.594519
-0.593097
-0.592007
-0.587713
-0.571428
-0.565029
-0.558836
-0.546167
-0.529227
-0.519733
-0.501054
-0.500818
-0.439175
-0.419382
-0.41454
-0.380767
-0.36768
-0.34968
-0.349205
-0.344337
-0.341429
-0.318368
-0.314593
-0.311338
-0.303273
-0.286053
-0.270837
-0.2651
-0.232798
-0.231157
-0.230344
-0.223922
-0.203573
-0.197647
-0.194664
-0.181191
-0.142746
-0.111203
-0.101509
-0.0916922
-0.0871147
-0.0732385
-0.0651563
-0.039854
-0.0168482
-0.0138009
-0.0101023
-0.00871721
-0.00316825
0.000243312
0.00132879
0.00135348
0.0109442
0.0165706
0.0222263
0.0232926
0.035245
0.0494929
0.0543419
0.0565956
0.059426
0.0955501
0.122971
0.133087
0.138325
0.142128
0.167372
0.1691
0.195896
0.1971
0.199778
0.215038
0.220495
0.222392
0.22325
0.225872
0.235179
0.248575
0.270446
0.289337
0.322698
0.335276
0.36041
0.364866
0.386604
0.396404
0.401602
0.403067
0.412982
0.416642
0.417906
0.418449
0.439024
0.44956
0.480192
0.505351
0.523393
0.524157
0.524958
0.538448
0.546215
0.560309
0.597255
0.617601
0.661989
0.683606
0.685671
0.716917
0.73718
0.753797
0.754673
0.776202
0.790483
0.797845
0.798467
0.808071
0.816362
0.823029
0.849472
0.851766
0.857919
0.892135
0.950129
0.995676
1.00174
1.03037
1.04706
1.07252
1.10286
1.13282
1.14903
1.27705
1.32286
1.35816
1.44416
1.45454
1.5743
1.72392
1.74571
1.77542
1.79699
1.85896
1.87771
1.89137
1.91648
1.96033
2.08608
2.15975
2.36526
2.55163
