0.000309411
0.0033334
0.00346482
0.0195543
0.0338612
0.0346495
0.0510139
0.064304
0.0933653
0.102068
0.106112
0.107535
0.149744
0.156546
0.158716
0.169491
0.18168
0.18413
0.188257
0.18852
0.195705
0.196982
0.201703
0.206968
0.217554
0.218887
0.220671
0.222076
0.225637
0.23144
0.234257
0.235815
0.247034
0.248669
0.254043
0.261321
0.262094
0.264567
0.265086
0.274343
0.276935
0.283992
0.285979
0.296575
0.303112
0.304183
0.308244
0.314407
0.314479
0.324846
0.331503
0.331782
0.331997
0.332839
0.335995
0.337219
0.338395
0.340772
0.34389
0.345606
0.348917
0.348958
0.359216
0.362281
0.363014
0.367922
0.369728
0.372123
0.372185
0.372813
0.373185
0.376035
0.376485
0.376868
0.377804
0.379726
0.381338
0.381924
0.385008
0.385155
0.385227
0.385789
0.387471
0.387932
0.388159
0.389143
0.391574
0.393145
0.393551
0.393924
0.394085
0.394524
0.394745
0.395269
0.395527
0.395546
0.395563
0.395568
0.395582
0.395583
0.395583
0.395583
0.39556
0.395529
0.395486
0.395476
0.395338
0.395099
0.395
0.39495
0.394886
0.393782
0.392604
0.392096
0.391817
0.391608
0.390081
0.389968
0.388066
0.387974
0.387768
0.386542
0.386083
0.385921
0.385847
0.38562
0.384794
0.383549
0.381378
0.379367
0.375514
0.373963
0.370708
0.370109
0.367099
0.365693
0.364935
0.36472
0.363248
0.362697
0.362505
0.362423
0.35924
0.357562
0.352507
0.348163
0.344947
0.344809
0.344665
0.342201
0.340763
0.338116
0.330963
0.326897
0.317744
0.313156
0.312714
0.305936
0.301462
0.297751
0.297554
0.292691
0.289435
0.287748
0.287605
0.285395
0.283479
0.281934
0.275768
0.27523
0.273787
0.265711
0.251889
0.240971
0.239517
0.232648
0.228649
0.222563
0.215338
0.208246
0.20443
0.175026
0.164908
0.157286
0.13943
0.137349
0.114567
0.089516
0.0861949
0.081802
0.078711
0.0702811
0.0678614
0.0661368
0.0630488
0.0579116
0.0450698
0.0388947
0.0257862
0.0177626
